0.0021748
0.0024165
0.0023139
0.002398
0.0021094
0.0015282
0.0022198
0.0017516
0.0016437
0.0023764
0.0013084
0.0022616
0.0024647
0.0025984
0.0020908
0.0025746
0.0022715
0.0023761
0.0025792
0.0022957
0.0025967
0.0018612
0.0012618
0.0024314
0.0022117
0.0022099
0.0024618
0.0024365
0.0025781
0.0023002
0.002383
0.0023618
0.0023737
0.0023131
0.0023476
0.0022659
0.0025777
0.0026991
0.0012477
0.0012673
0.0013127
0.0013575
0.0012674
0.0021478
0.0015276
0.0017735
0.0011567
0.001215
0.0011718
0.002035
0.0011673
0.0012342
0.0012131
0.0011715
0.0014482
0.0011698
0.0012174
0.0012363
0.001426
0.0012397
0.0016415
0.0013903
0.0011673
0.0012212
0.0012645
0.0011639
0.0022295
0.0022541
0.0025013
0.0022031
0.0022658
0.002482
0.0024342
0.0020455
0.0023517
0.002378

0.0022176
0.0024315
0.0021502
0.0026812
0.0026358
0.0028087
0.0012571
0.0013172
0.001381
0.0015484
0.0018903
0.0012064
0.0012382
0.0012139
0.0012871
0.0016923
0.001806
0.0016981
0.0027818
0.0028388
0.0027896
0.0027075
0.0018329
0.0029152
0.0017463
0.001889
0.0015466
0.0019466
0.0016839
0.0019267
0.0019092
0.0031154
0.0020181
0.0017059
0.0028047
0.002857
0.0027994
0.0026825
0.0027569
0.00279
0.0015224
0.0025266
0.0028407
0.0024434
0.0027512
0.0027195
0.0027921
0.0017579
0.0023316
0.0014069
0.0018623
0.0013828
0.0021788
0.0014357
0.0021902
0.0028803
0.0026534
0.0012912
0.001333
0.0013163
0.0026297
0.0013143
0.0013359
0.0014618
0.0026538
0.0013162
0.0013391
0.0014146
0.0014147
0.0014731
0.0025288
0.0012869
0.0012884
0.0012573
0.0013688
0.0013273
0.0021276
0.0021371
0.0018199
0.0026942
0.0022324
0.0022119
0.0027061
0.0022764
0.0022338
0.0027284
0.0026081
0.0022177
0.0021392
0.0024927
0.0025977
0.00231
0.0026016
0.0019902
0.0025678
0.0022743
0.0026294
0.001334
0.0014497
0.001265
0.00131
0.0012811
0.0013205
0.0023224
0.0023551
0.001268
0.0012807
0.0012421
0.0013505
0.0012625
0.0013666
0.0012491
0.0021575
0.0012756
0.0017766
0.0022661
0.0022764
0.0012303
0.0013189
0.0012254
0.0022464
0.0012019
0.001838
0.0012252
0.0012834
0.0026594
0.0021867
0.0026501
0.0026972
0.0021965
0.0025216
0.0024843
0.002417
0.0023822
0.0022151
0.0026755
0.0027224
0.0029116
0.001804
0.0025373
0.0022264
0.0022556
0.0022174
0.0022728
0.0023291
0.0025678
0.0025977
0.002339
0.0024305
0.0021616
0.0024019
0.0013116
0.0012751
0.0024202
0.0016732
0.0017589
0.0012557
0.0012579
0.001224
0.0012932
0.001322
0.0013925
0.0012506
0.0012089
0.0025057
0.0024052
0.0021941
0.0021418
0.0024959
0.0024879
0.0027384
0.0024872
0.0026599
0.001264
0.0012874
0.0012941
0.001475
0.0012591
0.0021966
0.0022619
0.0022213
0.0024457
0.0021896
0.0023561
0.0023513
0.0024468
0.0024366
0.0028476
0.0022989
0.0025523
0.0013595
0.0022867
0.0012319
0.0013142
0.0012988
0.0023059
0.0012129
0.0012482
0.001247
0.0014438
0.0013981
0.0014322
0.0012155
0.0012255
0.0012215
0.0012095
0.0021203
0.0012501
0.0013221
0.0017163
0.0013034
0.0024916
0.0022165
0.0021352
0.0021749
0.0021818
0.0019514
0.0021951
0.0019722
0.0019996
0.0020482
0.00107

0.0019682
0.0019892
0.0021207
0.0024237
0.0020821
0.0020885
0.0021434
0.0022115
0.002054
0.002094
0.0019268
0.0019409
0.0011074
0.001192
0.0010524
0.001085
0.0010981
0.0011253
0.0010844
0.0011303
0.0011104
0.0011395
0.0011096
0.0011568
0.0016645
0.001976
0.0011879
0.0012215
0.001876

0.0011348
0.0010619
0.0018895
0.0021114
0.0021933
0.0019463
0.0020052
0.0021016
0.0023046
0.0019695
0.0020302
0.0020537
0.0021466
0.002056
0.0021057
0.0011833
0.0014853
0.0019879
0.0011637
0.0028389
0.002478
0.0022842
0.0024958
0.0021495
0.0023548
0.00218
0.0022088
0.0023342
0.0012104
0.0018969
0.0022289
0.0012129
0.0021683
0.0021765
0.0022067
0.0012221
0.0011824
0.0014286
0.0011801
0.0021523
0.0012159
0.0011999
0.0012067
0.0022475
0.0011783
0.0013076
0.002287
0.0024948
0.0021867
0.0021562
0.00273
0.002243
0.0022865
0.0021854
0.0026518
0.0012112
0.0012673
0.0012803
0.0022128
0.0022315
0.0012592
0.0023555
0.002515
0.0022236
0.0022459
0.0050644
0.0024223
0.0023222
0.0022322
0.0023017
0.0023085
0.0025813
0.0023465
0.0022687
0.0024356
0.0023544
0.00247
0.0012936
0.0016448
0.0012831
0.0022723
0.0012258
0.0012825
0.0012421
0.0014277
0.0016866
0.0022176
0.0022798
0.0025159
0.0022625
0.002222
0.0023057
0.002219
0.0022568
0.0022736
0.001262
0.0022512
0.0012693
0.0012216
0.0021518
0.0012352
0.0014203
0.0021774
0.0013687
0.0022179
0.0012152
0.001292
0.0012179
0.002176
0.0023921
0.0024061
0.0021644
0.0021853
0.0023304
0.0021597
0.0022649
0.0021295
0.0021758
0.0011903
0.0012038
0.0021916
0.0012272
0.0012029
0.0011877
0.0012278
0.0011771
0.001197
0.0011681
0.001312
0.0021469
0.0021311
0.0023718
0.002331
0.0023202
0.0025005
0.0023663
0.0025272
0.0024652
0.0023304
0.0014299
0.0013973
0.002279
0.0012201
0.0018422
0.0012295
0.0016336
0.0016932
0.0012806
0.0013298
0.0012279
0.001265
0.0012314
0.0012037
0.0025897
0.0024417
0.002417
0.002181

0.002177

0.0022957
0.0025578
0.002608
0.0012752
0.0017039
0.0013115
0.0013962
0.0012705
0.0012686
0.0025303
0.0012215
0.0021043
0.0013509
0.0021914
0.0022724
0.0024338
0.0021921
0.0021723
0.0025111
0.0025164
0.0023036
0.0023339
0.002277

0.0012909
0.0013464
0.0015965
0.0023513
0.0012796
0.0012744
0.0019651
0.0015106
0.0018264
0.0012763
0.0012909
0.0021768
0.0012964
0.0026791
0.0024562
0.0022243
0.0022534
0.0023173
0.0023888
0.0022824
0.0022629
0.0016082
0.0016785
0.0016514
0.0019609
0.0014255
0.0015108
0.0012847
0.0021739
0.0012556
0.0014003
0.0014362
0.0023857
0.0023212
0.0021786
0.0022179
0.0022881
0.0023182
0.002359
0.0023462
0.0014207
0.0023217
0.0013555
0.0023373
0.0013084
0.0021885
0.0012747
0.001357
0.0012172
0.0012498
0.0012261
0.0012541
0.0022062
0.0023647
0.0013284
0.0016149
0.0023255
0.0014966
0.0023302
0.0027108
0.0027751
0.0026977
0.0022498
0.0017674
0.0026218
0.0023048
0.0022999
0.0023513
0.0023239
0.0023687
0.0023008
0.002361
0.0019986
0.0013344
0.0027561
0.0026686
0.0023688
0.002797
0.0024027
0.002358
0.0025776
0.0023947
0.0020474
0.0034894
0.0012132
0.0023265
0.0012327
0.0012697
0.0012914
0.0025737
0.001822
0.0022505
0.0016125
0.0024054
0.0012568
0.0012251
0.001282
0.0012158
0.0014436
0.0013551
0.0018707
0.0014029
0.0014183
0.0012606
0.0019047
0.0018011
0.0012113
0.0021242
0.0024732
0.0021851
0.002231
0.0023071
0.0021282
0.0021902
0.0021428
0.0022675
0.0024432
0.0021535
0.0023963
0.0025579
0.0022961
0.0022133
0.0022687
0.0022079
0.0022505
0.0022554
0.002565
0.0012154
0.001283
0.0012126
0.0013078
0.0011965
0.001267
0.00129
0.0020852
0.0012393
0.0013068
0.0011743
0.0012171
0.0011679
0.0012075
0.0013352
0.0018758
0.0012084
0.0012357
0.0013451
0.002146
0.0011433
0.0013148
0.0011315
0.001166
0.0011883
0.0012421
0.0021393
0.0020599
0.0021059
0.0024644
0.0021341
0.0021413
0.0021804
0.0022735
0.0025431
0.0022038
0.0020849
0.0012984
0.002288
0.0023646
0.0021399
0.0021789
0.0022134
0.0022565
0.0022188
0.0022644
0.0022136
0.0025575
0.0012505
0.0025707
0.0012181
0.00251
0.0012237
0.0012436
0.0011528
0.0012204
0.0011891
0.0012611
0.0013918
0.0020921
0.0019995
0.0020304
0.0012639
0.0020097
0.001219
0.0011958
0.0013852
0.0021958
0.001629
0.0019731
0.0012114
0.002494
0.0021752
0.0023306
0.0021152
0.0030106
0.0024105
0.0026977
0.0024479
0.0022183
0.0022449
0.0026071
0.0017013
0.0023072
0.0021248
0.0013012
0.0025094
0.0023976
0.0021141
0.0021648
0.0021767
0.0025424
0.0022556
0.0022352
0.0022784
0.0014649
0.0021826
0.0024432
0.0013665
0.0021122
0.0013145
0.0014428
0.001353
0.001432
0.0015613
0.001915
0.0014034
0.001683
0.0023274
0.0019678
0.0013264
0.0016021
0.002287
0.0023136
0.0012325
0.0022678
0.0023901
0.0023547
0.0028519
0.0023487
0.002219
0.0022182
0.0025549
0.0031261
0.0023508
0.0027132
0.0021526
0.0024677
0.0026369
0.002536
0.0025767
0.0024115
0.0026148
0.0024684
0.0025091
0.0020936
0.0024767
0.001259
0.0013286
0.0012731
0.001222
0.0012838
0.0019504
0.0023053
0.0018746
0.002014
0.0012226
0.002229
0.0012324
0.0013102
0.001227
0.0011797
0.0011864
0.0012336
0.001276
0.0014056
0.002231

0.001202
0.0021712
0.0012423
0.0014111
0.0021533
0.0021954
0.0011984
0.0018049
0.0013036
0.0021532
0.0023859
0.0023165
0.0023387
0.0023563
0.0021771
0.0027243
0.0023168
0.0024109
0.0022651
0.0022714
0.0023789
0.0025572
0.0022498
0.0021847
0.0025045
0.0014551
0.0015305
0.0017097
0.0020898
0.0013591
0.0013754
0.0012695
0.0023852
0.0012242
0.0012405
0.0012188
0.0012313
0.0012186
0.0014354
0.0020951
0.0012599
0.00218
0.0011875
0.0013259
0.001416
0.0014741
0.0020978
0.0021057
0.001293
0.0022409
0.0012202
0.0019188
0.0022817
0.0012129
0.0020882
0.0020539
0.0021857
0.0024119
0.002074
0.0024081
0.0027141
0.0022491
0.0023459
0.0025334
0.0022243
0.00227
0.0022113
0.0022443
0.0014731
0.0017686
0.0022446
0.0012237
0.0015368
0.0012656
0.0018342
0.0011914
0.0013412
0.0013108
0.0014371
0.0012239
0.0020149
0.0012635
0.0021498
0.0021195
0.0022328
0.0012586
0.0021446
0.0021498
0.0022095
0.0012351
0.0011812
0.0012452
0.0016796
0.0021976
0.0011924
0.0025033
0.001204
0.0022952
0.0012359
0.0012899
0.0024272
0.002184
0.0021265
0.0021657
0.0022264
0.00263
0.0023047
0.0024355
0.0022994
0.0022738
0.0024835
0.0022876
0.0022061
0.0022924
0.0024003
0.0013216
0.0018345
0.0016144
0.0027753
0.001353
0.0026043
0.0017775
0.0027689
0.0014013
0.0016112
0.001283
0.0026003
0.001198
0.0012687
0.0015768
0.0026366
0.0025764
0.0033875
0.0039075
0.0050559
0.003039
0.0031435
0.0029628
0.0032051
0.0035278
0.0036816
0.0027248
0.0029192
0.0029792
0.002821
0.0027191
0.002674
0.0027
0.0031829
0.0041448
0.0028311
0.0028578
0.0025272
0.0025622
0.0025475
0.0024776
0.0027526
0.0014938
0.002431
0.0025303
0.0026123
0.0019129
0.0025122
0.0018211
0.0025745
0.0013742
0.0013118
0.0013546
0.0012791
0.0013434
0.0012851
0.0023632
0.001525
0.001745
0.0020308
0.0021882
0.0016796
0.0024381
0.0022951
0.0024477
0.0014722
0.0016905
0.0016597
0.0020765
0.0020958
0.0013975
0.0016816
0.0013255
0.0015242
0.0012258
0.0012984
0.001173
0.0013118
0.0027626
0.0022158
0.0023957
0.0023856
0.0023496
0.0025358
0.0022828
0.0022601
0.0022626
0.0012997
0.0026259
0.0012769
0.0026602
0.0021238
0.0024025
0.0020412
0.002712
0.0012765
0.0030068
0.0033642
0.0012594
0.0012698
0.0013075
0.0014284
0.0019486
0.0012836
0.0013954
0.0012769
0.001413
0.0023793
0.0015792
0.0016945
0.001405
0.0021733
0.0012444
0.001418
0.0012697
0.0019665
0.0020893
0.0022457
0.0014705
0.0013911
0.0025158
0.0097725
0.004618
0.0024905
0.002441
0.0022179
0.0025513
0.0022622
0.0048555
0.0022818
0.0022489
0.0013522
0.002665
0.0023768
0.002686
0.001353
0.0019044
0.0013663
0.0017744
0.0022609
0.0024115
0.0013904
0.0024027
0.0014509
0.0022682
0.0022195
0.002517
0.0014546
0.0018627
0.001841
0.0025634
0.001291

0.0017115
0.0019881
0.0023981
0.001338
0.0022757
0.002336
0.0025042
0.0012868
0.0024489
0.0022739
0.0014244
0.0022435
0.0013007
0.0023989
0.0025011
0.0025347
0.0023024
0.0023383
0.00242

0.0023249
0.0023877
0.002317
0.0023537
0.0015717
0.0016659
0.0012815
0.0013332
0.0013303
0.0021596
0.0021646
0.0022658
0.0013972
0.00223
0.0012437
0.0021187
0.0022521
0.0012755
0.002399
0.0022883
0.0023392
0.0012333
0.001265
0.0015008
0.002202
0.0014031
0.0015237
0.0012146
0.0012624
0.0012447
0.0012808
0.0012632
0.0013359
0.0023582
0.0011837
0.0012201
0.0020954
0.0028186
0.0023877
0.0024027
0.002345
0.0023407
0.0026391
0.002328
0.0022712
0.0022598
0.0023005
0.0022622
0.0023185
0.0025996
0.0024217
0.002642
0.0012561
0.0016665
0.0013073
0.0013905
0.0012993
0.0013891
0.0012424
0.0018907
0.0018543
0.0021633
0.0011906
0.0013127
0.0021717
0.0023763
0.0012688
0.0013171
0.0013536
0.0011925
0.0012162
0.0012289
0.0011907
0.0011888
0.0016525
0.0011442
0.001185
0.0011359
0.0021604
0.0023789
0.0020912
0.0021269
0.0021681
0.0025088
0.0020873
0.0024329
0.0011789
0.0017709
0.0021994
0.0021357
0.0021253
0.0024291
0.0020896
0.0021049
0.0025882
0.0022327
0.0023237
0.0023991
0.0013832
0.0021181
0.001408
0.0014462
0.0020149
0.0020495
0.0011428
0.0020267
0.0020569
0.001136
0.0020264
0.0011445
0.002254
0.0011342
0.0014625
0.0020026
0.0014332
0.0016386
0.0024076
0.0035215
0.001348
0.0020326
0.0013681
0.0018121
0.0011434
0.0011415
0.0011893
0.0025342
0.0023821
0.0025167
0.0021488
0.0026847
0.0021707
0.0022756
0.0021325
0.0012784
0.003016
0.0025125
0.0022347
0.0022672
0.0021958
0.0026882
0.0022295
0.0022619
0.0021775
0.0024648
0.0017159
0.0019685
0.001245
0.0012707
0.0017471
0.0012658
0.001333
0.0012221
0.0011588
0.0012233
0.0011757
0.0018356
0.0011943
0.0016765
0.0015881
0.0017811
0.0012681
0.0021169
0.001198
0.0012987
0.0011725
0.001235
0.0012294
0.0012614
0.002098
0.0014951
0.002358
0.0023823
0.002131
0.0022046
0.002045

0.0020255
0.0020392
0.0020848
0.0022589
0.0023883
0.0020748
0.0021099
0.0021367
0.0021743
0.0023917
0.0024091
0.0024789
0.0025822
0.0011582
0.001181
0.0011372
0.0013733
0.0011891
0.0012225
0.0011367
0.0011973
0.001129
0.0011889
0.0013884
0.0011402
0.0011742
0.0011887
0.0011435
0.0012073
0.0018737
0.0015895
0.0016369
0.0011557
0.0011904
0.0012014
0.0013233
0.0011979
0.0012814
0.0019095
0.0011263
0.0023503
0.002378
0.0020933
0.0020479
0.0022995
0.0020667
0.002108
0.0021336
0.002171
0.0021768
0.0012695
0.0021591
0.0022075
0.0023571
0.0022356
0.002641
0.0024044
0.0025326
0.0022764
0.0023113
0.0022967
0.0022973
0.0022655
0.0012672
0.0022785
0.0013995
0.0016856
0.002098
0.0012837
0.0022659
0.0013001
0.0014281
0.0012708
0.0013435
0.0012389
0.0012303
0.0012225
0.0024015
0.002482
0.0021348
0.0022908
0.0023476
0.0024672
0.0022697
0.0023774
0.0017769
0.0025269
0.0013959
0.0014306
0.0012685
0.0012795
0.001208
0.0022089
0.0012427
0.0012748
0.0021385
0.0015098
0.0025048
0.0023948
0.0021646
0.0022019
0.0021394
0.002165
0.0021918
0.0022763
0.0013238
0.0013706
0.001282
0.0022595
0.0012544
0.0013699
0.0011913
0.0012537
0.0012874
0.0021474
0.0012691
0.0012961
0.0021715
0.0021728
0.0016802
0.0025159
0.0024129
0.0021256
0.0021736
0.0022554
0.0023797
0.0027772
0.0013634
0.0013375
0.0013139
0.0013743
0.0012353
0.0022529
0.0021291
0.0022929
0.0014705
0.0025853
0.0014865
0.0017707
0.0023342
0.0024945
0.0022689
0.0026591
0.0025045
0.002347
0.0022456
0.0022819
0.0028683
0.0029604
0.0023728
0.0012673
0.0013513
0.0012575
0.0014041
0.0017293
0.0022378
0.0012879
0.0022567
0.0014014
0.0023149
0.0012752
0.0012346
0.0022839
0.0024479
0.0022319
0.0022473
0.002382

0.0023555
0.0016716
0.00233
0.0014461
0.0017684
0.0013164
0.0022515
0.0013033
0.00135
0.0022646
0.00227
0.0012742
0.0023222
0.0026304
0.0023263
0.0022407
0.0022506
0.0025992
0.0022587
0.0022468
0.0023664
0.0025042
0.0015017
0.002316
0.0012662
0.0014573
0.0016132
0.0012141
0.0012858
0.0014675
0.0017831
0.0012273
0.0012796
0.0012751
0.0022893
0.002223
0.0013721
0.0021063
0.0025168
0.0023339
0.0022874
0.0025126
0.0021764
0.0022372
0.0020469
0.0023941
0.0012946
0.0020875
0.0012617
0.0013129
0.0012505
0.0012699
0.0012507
0.0012595
0.0014765
0.0017954
0.0012445
0.0023738
0.0024733
0.0024417
0.0027184
0.0019053
0.0021583
0.0023589
0.0023272
0.002369
0.0013799
0.0020021
0.0012403
0.002303
0.0012248
0.0012564
0.0013847
0.0022099
0.0011933
0.0012545
0.0011849
0.0015497
0.0021605
0.0022246
0.0022118
0.0022463
0.0022763
0.0023286
0.0012096
0.0012454
0.0011635
0.0016768
0.0011676
0.0012003
0.0012672
0.0013764
0.0011439
0.0011711
0.0012982
0.0013739
0.0011403
0.0011754
0.0011494
0.0011967
0.0013767
0.0015013
0.0012614
0.0013279
0.0011189
0.0011525
0.0020043
0.0020833
0.001972
0.0021272
0.0023251
0.0022587
0.0024585
0.0013952
0.0015726
0.0012324
0.0012104
0.0012274
0.0012092
0.0018759
0.001234
0.0024432
0.0013989
0.0022875
0.0021632
0.0023708
0.0024753
0.0025282
0.0018491
0.0019893
0.0020894
0.0023198
0.0013509
0.0012738
0.0022714
0.0013049
0.0014887
0.0012706
0.0022634
0.0013311
0.0021455
0.0021367
0.0022445
0.0012432
0.0012046
0.0012268
0.0016043
0.002065
0.0012612
0.0012135
0.0012038
0.0020782
0.0021312
0.0021687
0.0021218
0.0021603
0.002108
0.0021784
0.0024696
0.0025055
0.0013532
0.0015591
0.0011985
0.00124
0.0012103
0.0021828
0.0012142
0.0014204
0.0021203
0.0021376
0.0023715
0.0025401
0.0019767
0.0024141
0.0022013
0.0024735
0.0024055
0.0026408
0.0025242
0.0024961
0.0018868
0.0012443
0.0012415
0.0011875
0.001187
0.0012056
0.0013475
0.001811
0.0021414
0.0021896
0.0011693
0.0012162
0.001341
0.0019628
0.0013572
0.0012061
0.0024548
0.0021272
0.0023565
0.0021237
0.0024359
0.0023869
0.0026673
0.0021582
0.0024789
0.0020326
0.0025243
0.0012816
0.0021784
0.0012162
0.0022886
0.0012681
0.0024397
0.002259
0.0022612
0.002276

0.0021673
0.0026363
0.0022004
0.0022603
0.0022247
0.0025126
0.0012381
0.0022723
0.0014281
0.0021855
0.002242
0.0022834
0.0012076
0.0012592
0.0012289
0.001239
0.0015268
0.0018866
0.0011885
0.0012257
0.0011904
0.0021163
0.0011742
0.0012112
0.0012345
0.001241
0.0021701
0.0021727
0.0022715
0.0023491
0.0027495
0.0022292
0.0025874
0.002195
0.0022598
0.002164
0.0026159
0.0021718
0.0028118
0.0022397
0.002367
0.0022424
0.0024018
0.0023424
0.0027555
0.002343
0.0024483
0.0023027
0.0023485
0.0013105
0.0018411
0.002257
0.0012758
0.0013505
0.0013327
0.0013603
0.0012342
0.0012723
0.0012124
0.0012798
0.0012229
0.0012716
0.0013583
0.0015851
0.0012281
0.0012753
0.0017621
0.0011945
0.0012256
0.0012494
0.0018509
0.0011658
0.0012001
0.0011659
0.0019674
0.0021726
0.0021353
0.0021636
0.0021455
0.0022731
0.0022198
0.0025148
0.0023845
0.0021829
0.0022685
0.0022579
0.0023485
0.0025822
0.0022627
0.0024088
0.00234
0.0025079
0.0021984
0.0022843
0.0022369
0.0022632
0.0012341
0.002239
0.0017546
0.0024276
0.0025166
0.002267
0.0016832
0.0020523
0.0023366
0.0022522
0.0013132
0.0014025
0.0021297
0.0021477
0.0022981
0.0023689
0.0022572
0.0022887
0.0022827
0.0015652
0.0022834
0.0023352
0.0023746
0.0022185
0.0022951
0.0014641
0.0014773
0.0024616
0.0022642
0.0023142
0.0022584
0.0022281
0.0022652
0.0023386
0.0024369
0.0022738
0.002359

0.002387

0.0023408
0.002858
0.0015232
0.0023102
0.0013311
0.0013594
0.001681
0.0023727
0.0019234
0.0022059
0.0021097
0.0024375
0.0029358
0.0022043
0.0027957
0.0019707
0.0023615
0.0031694
0.0021241
0.0026826
0.0022651
0.0023816
0.001836

0.0016367
0.0015247
0.0017292
0.0023189
0.0021324
0.0015265
0.0026497
0.0024668
0.0028875
0.0030104
0.0026409
0.0023515
0.0023595
0.0022666
0.0022034
0.0025764
0.0022801
0.0025149
0.0024067
0.0025881
0.0024954
0.0027369
0.0021963
0.0023337
0.0012606
0.0012849
0.001262
0.0020716
0.0012637
0.0012955
0.0017302
0.001869
0.0013213
0.0012675
0.0012894
0.0012316
0.0012576
0.0012065
0.0012356
0.0012179
0.0012272
0.0013021
0.0020862
0.0012217
0.001257
0.0013381
0.0016537
0.0011753
0.0011988
0.001209

0.0011713
0.0011626
0.0022116
0.0020579
0.0026731
0.0023605
0.0025631
0.0024937
0.0028611
0.0024469
0.0025511
0.0022276
0.0023575
0.0022805
0.0022826
0.0016601
0.0023529
0.0020778
0.0023885
0.0013548
0.0015232
0.001269

0.0012574
0.0015931
0.0012794
0.001287
0.0012638
0.0012442
0.0012685
0.0012275
0.0012571
0.0012255
0.0012309
0.0012807
0.0012157
0.0022445
0.0012337
0.0012887
0.0011918
0.002103
0.0012919
0.0013628
0.002069
0.002124
0.002389
0.0021718
0.0026036
0.002331
0.0021496
0.0023197
0.0021647
0.0022178
0.0022003
0.0022273
0.0022698
0.0023876
0.0017719
0.0025371
0.0012665
0.0022757
0.0018236
0.0025287
0.0012287
0.0012934
0.0013259
0.0024674
0.0015467
0.0012708
0.0012502
0.0024624
0.0012166
0.0012733
0.0021151
0.0012297
0.0023325
0.0014307
0.0019392
0.001306
0.0019511
0.0012884
0.0024235
0.0015289
0.0018553
0.0016741
0.0017431
0.0013692
0.0012504
0.0026503
0.0025103
0.0022871
0.0026202
0.0023847
0.0024663
0.0022981
0.0022684
0.0022938
0.0023793
0.0014215
0.0017013
0.0013349
0.0013327
0.0015198
0.0024178
0.0013532
0.0022222
0.0012551
0.0022039
0.0016644
0.0018563
0.0017096
0.0021237
0.0014896
0.0022252
0.0012903
0.0020833
0.0012218
0.0020203
0.0012448
0.0013057
0.0012203
0.002231
0.0013503
0.0022
0.0013844
0.0014846
0.001329
0.0014447
0.0012495
0.0012779
0.0012179
0.0020806
0.0024734
0.0026118
0.0022196
0.0025184
0.0019996
0.0021843
0.0021744
0.0024334
0.002222
0.0024674
0.002472
0.0026386
0.0023902
0.0025689
0.0015153
0.0022557
0.0017222
0.0018448
0.0017667
0.0022156
0.0013685
0.0012839
0.0014753
0.001243
0.0022402
0.0013331
0.0016863
0.0014706
0.0017388
0.0013625
0.0013923
0.0012623
0.0017883
0.0012085
0.0012496
0.0012378
0.001465
0.0011929
0.0012106
0.0011495
0.0012131
0.001141
0.0011741
0.001339

0.0011482
0.0012664
0.0028878
0.0023267
0.0021297
0.0021022
0.0021669
0.0024005
0.0024033
0.0023705
0.0026077
0.0012867
0.0025786
0.0024818
0.0022147
0.0023089
0.0023922
0.0026003
0.0022403
0.002137
0.0022163
0.0022846
0.0022214
0.0026833
0.0022774
0.0012847
0.0021139
0.001278

0.0014643
0.0018073
0.0012278
0.0012835
0.0012096
0.001283
0.0015861
0.0023255
0.0013775
0.002204
0.0012448
0.0022844
0.0014088
0.0012319
0.0025541
0.0024676
0.0022218
0.0024805
0.0022202
0.0022598
0.0022232
0.0022738
0.0022342
0.0023033
0.0024144
0.0024546
0.0013296
0.0022706
0.001273
0.0012652
0.0022019
0.0022256
0.0023188
0.002594
0.002252
0.0024424
0.0022218
0.0022693
0.0022109
0.0022776
0.002104
0.0026095
0.0012854
0.0013444
0.0011973
0.0012377
0.0012302
0.0013679
0.0012207
0.00118
0.0014774
0.0011771
0.0012246
0.0027174
0.0031063
0.0015755
0.0016545
0.0016065
0.0016903
0.0026947
0.0027091
0.0026199
0.0031342
0.0029384
0.0030335
0.0023081
0.0025213
0.0029271
0.007837
0.002877
0.002894
0.0024423
0.0026503
0.0017179
0.0026586
0.0021843
0.0024756
0.0026554
0.0030446
0.0026467
0.002624

0.0025862
0.0026014
0.0033723
0.0034335
0.0020957
0.0028874
0.0018171
0.0023238
0.0024424
0.0027796
0.0015993
0.0020714
0.0021463
0.0021683
0.0022745
0.0014555
0.0014986
0.0015154
0.0015631
0.0014073
0.0015008
0.0012857
0.0026231
0.0026141
0.002528
0.0026757
0.0026198
0.0023006
0.0023456
0.0023048
0.0023082
0.0023574
0.0024548
0.0025139
0.0012614
0.0031025
0.0018597
0.0024456
0.0023787
0.0024129
0.0025815
0.0024493
0.0023425
0.0023788
0.0023734
0.0023544
0.0024058
0.0023297
0.0024373
0.002167
0.0024698
0.0013885
0.0023832
0.0013003
0.002493
0.0013285
0.0014538
0.0013529
0.0022746
0.0012847
0.0022854
0.0012444
0.0022408
0.00122
0.0012575
0.0012524
0.0022422
0.0017589
0.0023569
0.0022377
0.0012506
0.0024091
0.0030748
0.0022335
0.002271
0.0019703
0.0020967
0.0022159
0.0022762
0.0022209
0.0022536
0.0022473
0.0023015
0.0012407
0.0012895
0.0012146
0.0020289
0.0022413
0.0021528
0.0022286
0.0022071
0.0022609
0.0012783
0.0023825
0.0026789
0.0021971
0.0022909
0.0024162
0.002287
0.0025545
0.0022158
0.0022589
0.0021975
0.0023944
0.0012784
0.0013748
0.0014828
0.0022391
0.0022655
0.0023056
0.0023083
0.0015541
0.0024787
0.0024224
0.0022786
0.0022274
0.002294
0.0026439
0.0022476
0.0025854
0.0022252
0.0022743
0.0012959
0.001391
0.0012301
0.001265
0.0013892
0.0013406
0.0012368
0.0012262
0.0012474
0.0011629
0.0011978
0.0012257
0.0012705
0.001275
0.0012429
0.0023709
0.0021405
0.0021679
0.0021261
0.0021961
0.0021457
0.0021819
0.0021214
0.0021764
0.0021238
0.0023908
0.0011714
0.0012082
0.0011804
0.0011974
0.0014897
0.0016321
0.0011826
0.0013155
0.004026
0.0024979
0.0020606
0.0020959
0.0020461
0.0020873
0.0020524
0.0020922
0.0021699
0.0017153
0.0011036
0.0011498
0.0010701
0.0010513
0.0010458
0.0010824
0.0010579
0.0011092
0.0010488
0.001084
0.0010841
0.0012983
0.00199

0.00176
0.0019212
0.0020837
0.0021909
0.0022381
0.0021989
0.0019941
0.0023338
0.0020662
0.0021602
0.0020498
0.0021887
0.0021171
0.0021609
0.001066
0.0011033
0.0010733
0.0011197
0.0012427
0.0012485
0.0011064
0.0015474
0.0021677
0.0025729
0.0019903
0.0022534
0.0023757
0.0018756
0.0023267
0.0019466
0.0022372
0.0022707
0.0024515
0.0011343
0.0012318
0.0011089
0.0011514
0.0010845
0.0011021
0.0010983
0.0011531
0.0010878
0.0019467
0.0011099
0.0010888
0.0011076
0.0020278
0.0019729
0.0019896
0.0020359
0.0018785
0.0024081
0.0020589
0.0021057
0.0021025
0.0021936
0.0020021
0.0022557
0.0011507
0.001081
0.0011116
0.0010944
0.0011148
0.0021095
0.0023095
0.0022053
0.0023215
0.0019833
0.002027
0.0023758
0.0024274
0.0019837
0.0020172
0.0023808
0.0024692
0.0011628
0.0011476
0.0011819
0.0010939
0.0011873
0.0010874
0.0011177
0.0010921
0.0011414
0.0011257
0.0012056
0.0011207
0.001146
0.0012799
0.0011372
0.0019425
0.0019896
0.0022876
0.0022946
0.0024157
0.0023966
0.0023237
0.0014712
0.0021183
0.0023258
0.0023811
0.0021432
0.0021774
0.0023382
0.0023681
0.0021655
0.0021898
0.0021635
0.0021797
0.0021815
0.0012121
0.0011994
0.0012469
0.0012932
0.001433
0.0012435
0.0012106
0.0012228
0.0012887
0.0012806
0.0012151
0.0011807
0.0011977
0.0013593
0.0011869
0.0012188
0.0011847
0.0011394
0.001165
0.0011393
0.0011434
0.0011548
0.0011962
0.0010909
0.0022396
0.0024119
0.0021005
0.0019941
0.001979
0.0022956
0.0022892
0.0021868
0.0024955
0.0021051
0.0021125
0.0021056
0.0020922
0.0012464
0.0012304
0.0012203
0.0012271
0.0013391
0.0011684
0.0011925
0.0012063
0.0011941
0.0012321
0.0011523
0.0011663
0.0011645
0.0011601
0.0011596
0.0011308
0.0011586
0.0011287
0.0011327
0.0011178
0.0011859
0.0011187
0.0011255
0.0010904
0.0011861
0.0022249
0.0022667
0.0020571
0.0020535
0.0020006
0.0020506
0.0020838
0.0022588
0.0024891
0.0021199
0.0021176
0.0022747
0.0021084
0.0011971
0.0012016
0.0011767
0.001221
0.0012661
0.0012026
0.0012427
0.00118
0.0011911
0.0011742
0.0011876
0.0011844
0.0011366
0.0011484
0.0011601
0.002458
0.0025317
0.0013071
0.0014119
0.0013103
0.0014067
0.0011688
0.0011654
0.0020913
0.0020158
0.0021232
0.0022249
0.0020421
0.0020244
0.0022067
0.0022517
0.0020796
0.00206
0.0022386
0.0020237
0.0023306
0.0026968
0.0021776
0.002472
0.0021807
0.0025392
0.0023046
0.0027106
0.0014146
0.0014711
0.0012967
0.0014367
0.0012396
0.0013616
0.0012019
0.0012377
0.0014882
0.0014892
0.0012942
0.0018531
0.0014919
0.0025244
0.0012269
0.0013031
0.0012958
0.0012953
0.0013728
0.0014151
0.0012427
0.0012389
0.0012549
0.0012323
0.0011905
0.0012257
0.0013021
0.0011574
0.0023256
0.0020692
0.0021418
0.0022172
0.0024787
0.002338
0.0024283
0.0023554
0.0022972
0.0022853
0.0022498
0.0022593
0.0022641
0.0030384
0.001239

0.0012692
0.001323
0.0015287
0.0012033
0.0011916
0.0011927
0.0012185
0.0012585
0.0011964
0.0013771
0.0012559
0.0014336
0.0012064
0.0012187
0.0012478
0.0014001
0.0012195
0.0012534
0.0012029
0.0012193
0.0011408
0.0012084
0.0010808
0.001099
0.0010835
0.0010939
0.0020951
0.002244
0.0019157
0.0019834
0.0022161
0.002141
0.0020053
0.0020282
0.0020625
0.0021126
0.0023714
0.0024377
0.0020996
0.0021554
0.0022491
0.0022991
0.0012159
0.0012497
0.0012275
0.001198
0.0011348
0.0011622
0.0011375
0.001174
0.0011965
0.001147
0.0012089
0.0011265
0.0015405
0.0011053
0.0011287
0.0010991
0.001136
0.0017403
0.0018403
0.0011031
0.0011535
0.0011586
0.0011952
0.0010831
0.001091
0.0010765
0.0011374
0.0010709
0.0011673
0.0010658
0.0010918
0.0022361
0.002119
0.0019286
0.0019041
0.0021132
0.0020982
0.0020268
0.0020522
0.0021545
0.0022882
0.0024117
0.0021535
0.0023511
0.0024459
0.0012984
0.0011661
0.0011954
0.0012075
0.0013405
0.0011711
0.0011861
0.0011806
0.001206
0.0011623
0.0011695
0.0011851
0.0011937
0.0012361
0.0011633
0.0012542
0.0011752
0.0011684
0.0011716
0.0011538
0.001236

0.0010803
0.0010899
0.0011008
0.0011266
0.0011067
0.0019292
0.0020789
0.0023765
0.0019218
0.0022576
0.0022843
0.0020976
0.002029

0.0020288
0.0021046
0.0022526
0.0023875
0.0022074
0.0023314
0.0018773
0.0020458
0.0011803
0.0011963
0.0012842
0.0012729
0.0011591
0.001209
0.0012952
0.0015116
0.0011915
0.0012373
0.0011672
0.0011629
0.0011665
0.00123
0.0011711
0.0011854
0.0011715
0.0012339
0.0011812
0.0011818
0.0012274
0.0011882
0.0012468
0.0012252
0.0012025
0.0018776
0.0017378
0.0020784
0.0022825
0.0021018
0.0021298
0.0021054
0.0020705
0.0023842
0.0023212
0.0021458
0.0022951
0.0019233
0.0024668
0.0024132
0.0025712
0.0023069
0.0024755
0.0022891
0.0022828
0.0013092
0.0013733
0.001264
0.0013678
0.0013227
0.0012619
0.0018011
0.0012716
0.0013704
0.0021875
0.0012274
0.0013431
0.0019177
0.0021372
0.0022322
0.0022375
0.00231
0.0024494
0.0023145
0.0024749
0.0021341
0.0024311
0.0025611
0.0025863
0.0020975
0.0025054
0.0016429
0.0017579
0.0012857
0.0013884
0.0015418
0.0027915
0.0021098
0.0022195
0.0016223
0.0021735
0.0012711
0.0027743
0.0022352
0.0025783
0.0022647
0.0026896
0.0024828
0.0027117
0.0025532
0.0028538
0.0025656
0.0027709
0.0026225
0.0027321
0.0012898
0.0014177
0.0012102
0.0013772
0.0014277
0.0012155
0.0012097
0.0012025
0.0012455
0.0012164
0.0012473
0.0013755
0.0012301
0.002171
0.002163
0.0021133
0.0020994
0.0021046
0.0021276
0.0025581
0.002569
0.0011638
0.0011662
0.0011746
0.0011926
0.0011776
0.0012531
0.0011308
0.0011693
0.0021253
0.0024657
0.0021843
0.0023029
0.0025948
0.0021496
0.0023495
0.0022311
0.0023567
0.0013466
0.0035573
0.001167
0.0011997
0.0011555
0.0011868
0.0012245
0.0012025
0.0012016
0.0012161
0.0012288
0.0012226
0.0011809
0.0011805
0.0011558
0.0013057
0.0023923
0.0023956
0.0024161
0.0020119
0.0022639
0.0019833
0.002362
0.0023033
0.0023087
0.0023581
0.0025848
0.0011767
0.0015363
0.0011589
0.0011868
0.0011081
0.0013903
0.0021953
0.0024463
0.0021085
0.0021035
0.0022524
0.0024003
0.0021021
0.0020859
0.0015699
0.0015589
0.0011917
0.001334
0.0011591
0.0012528
0.0013468
0.0011811
0.0012411
0.001195

0.0012977
0.0012855
0.0011829
0.0011714
0.0022249
0.0025422
0.0020357
0.0020257
0.0020456
0.0020345
0.0020298
0.0021251
0.0021588
0.0011442
0.0011459
0.0011501
0.0011343
0.0011597
0.0022138
0.0023635
0.0023774
0.0020762
0.0020703
0.0021904
0.0012583
0.0018799
0.0026262
0.0022995
0.0024308
0.0024915
0.0021878
0.002198
0.0021913
0.0012873
0.001209
0.0023676
0.0024309
0.0021128
0.0024641
0.0020971
0.002309
0.0020107
0.0024439
0.0021371
0.0023912
0.0023243
0.0024286
0.0017988
0.0025402
0.0016122
0.0019007
0.0012202
0.001184
0.0012092
0.0018015
0.002489
0.0011788
0.0012157
0.0012044
0.0012224
0.0011896
0.0024725
0.0012446
0.0015453
0.0013836
0.0013543
0.0011901
0.001527
0.0023189
0.0022704
0.0023539
0.0021068
0.0022863
0.0020543
0.0023604
0.0020559
0.002494
0.0020938
0.0024123
0.0012144
0.0011868
0.0021502
0.0024708
0.0024787
0.0022882
0.0023346
0.0025122
0.002697
0.0024852
0.0026419
0.0012851
0.0012644
0.0013041
0.0020305
0.0012811
0.0022351
0.0022502
0.0022819
0.0012613
0.0012835
0.0014934
0.0012226
0.0011993
0.0012276
0.001364

0.0012123
0.0012457
0.0012845
0.0012381
0.0011743
0.002341
0.002406
0.0020519
0.0024092
0.0022277
0.002324
0.0024475
0.002652
0.002444
0.002636
0.0019502
0.0023754
0.0012053
0.0012183
0.0011932
0.0020788
0.0024415
0.0027281
0.0021174
0.0021291
0.0022859
0.0023477
0.0026314
0.0024608
0.0011776
0.0011908
0.0011507
0.0011547
0.0011524
0.0011549
0.0011635
0.0012247
0.0011732
0.0011952
0.001166

0.0011178
0.0011318
0.0011445
0.0011475
0.0011652
0.0011443
0.0012048
0.0011682
0.0020247
0.0022957
0.0020088
0.0020263
0.0020363
0.0021001
0.0011694
0.0012317
0.0017435
0.0021177
0.0013708
0.0026005
0.0024075
0.0022335
0.0051839
0.0022021
0.0022468
0.0022731
0.002391
0.0024088
0.0024636
0.0012494
0.002203
0.002223
0.001184
0.0012324
0.0011811
0.0012034
0.0012064
0.0012298
0.0013215
0.001363
0.0012028
0.0012425
0.0012095
0.0012004
0.0012046
0.0012918
0.001301
0.0012598
0.0013535
0.002488
0.0020079
0.0022158
0.0021539
0.0026913
0.0023212
0.0012097
0.0021757
0.002366
0.0022307
0.0023259
0.0021835
0.0021684
0.0023702
0.002489
0.0022171
0.0012084
0.0020165
0.0012113
0.0011845
0.0012102
0.0012338
0.0012302
0.0011933
0.0012168
0.0012529
0.0012063
0.0012259
0.0011925
0.0013956
0.0012461
0.0011999
0.0012307
0.001236

0.0013522
0.0014028
0.0011944
0.0012085
0.0012009
0.0012693
0.0014149
0.0011104
0.0010992
0.0011111
0.0010999
0.0011699
0.001927
0.0020245
0.0019634
0.0023671
0.0023373
0.0022165
0.0020418
0.0020358
0.0020894
0.0022964
0.0022588
0.002608
0.0022321
0.0022224
0.0021927
0.0012249
0.0012436
0.0012784
0.0013185
0.00124
0.0024794
0.0012488
0.0012191
0.0012174
0.0023778
0.001178
0.0012523
0.0012666
0.0024234
0.0014034
0.0014446
0.0012274
0.0012252
0.0013058
0.0016851
0.0020251
0.0011752
0.0013045
0.001333
0.0013377
0.0012619
0.0012939
0.0013868
0.0015135
0.0011903
0.002482
0.0024539
0.0020437
0.0024267
0.0023355
0.0022238
0.002355
0.0025378
0.0023586
0.0024171
0.0024748
0.0022045
0.0021796
0.0012285
0.0012376
0.0013213
0.0022168
0.0012264
0.0012485
0.0012491
0.001393
0.0012054
0.0012166
0.0012193
0.0019525
0.0012267
0.0012251
0.0012214
0.0011959
0.001224
0.0011997
0.0012097
0.0012549
0.0012593
0.0011758
0.0011546
0.0012483
0.0011316
0.0022125
0.0026046
0.0020297
0.0021625
0.0022004
0.0022982
0.0021252
0.0021127
0.0024786
0.002189
0.0022226
0.0024073
0.0024832
0.0012192
0.0011922
0.0011973
0.0011937
0.0011892
0.0011702
0.0011742
0.0012111
0.0011756
0.0011376
0.0011146
0.00127
0.0011288
0.001183
0.001149
0.0011522
0.0011283
0.0011617
0.0011471
0.001129
0.0011395
0.00113
0.0011496
0.0010987
0.001961
0.0010966
0.0019506
0.002142
0.0020037
0.0022022
0.0023766
0.0022814
0.0022066
0.0021895
0.0022577
0.0023605
0.0022419
0.0022138
0.0024288
0.002184
0.002238
0.001239
0.0012967
0.0014308
0.0014628
0.0012298
0.0011776
0.0011705
0.0012153
0.0011904
0.0012003
0.0011756
0.0012334
0.0011716
0.0011208
0.0011769
0.0011383
0.0011052
0.0011238
0.0012721
0.0013445
0.0020299
0.0020936
0.0011204
0.0011593
0.0010778
0.0010775
0.0019513
0.0024158
0.0019363
0.0019895
0.0023488
0.0022188
0.0023062
0.0021078
0.002086
0.0021286
0.0021112
0.0020989
0.0021319
0.0021803
0.0021728
0.001213
0.001235
0.0012935
0.0012616
0.0011778
0.0011689
0.0011769
0.0011603
0.0011786
0.0011625
0.001191
0.0011801
0.0012669
0.0011191
0.0011546
0.0011135
0.0011286
0.0011145
0.0011717
0.0011163
0.0011362
0.0011286
0.0011168
0.0022917
0.002404
0.0022146
0.002197
0.001912
0.0024768
0.0021452
0.0020861
0.0020373
0.0020579
0.0023881
0.0024238
0.0023253
0.0020911
0.0021054
0.0011661
0.0023288
0.0012095
0.0011575
0.001272
0.001647
0.0011946
0.0012083
0.0012007
0.0011761
0.0023741
0.0011521
0.0023739
0.0020916
0.0011731
0.0012849
0.0016197
0.0011899
0.0012072
0.001177
0.0011863
0.002115

0.0011267
0.0019256
0.0011535
0.0020099
0.0025383
0.0023498
0.0021078
0.002046
0.0020797
0.0023586
0.0022522
0.002165

0.0018261
0.002508
0.0025479
0.0022924
0.0025783
0.002251

0.0013919
0.0024329
0.0012826
0.001288

0.0013086
0.0013458
0.0012055
0.0013482
0.0021905
0.0011997
0.0011957
0.0012776
0.0012675
0.0012238
0.0012644
0.0012375
0.0012715
0.001194
0.0020336
0.0011911
0.0023007
0.0011741
0.0011848
0.0012097
0.0011929
0.0011923
0.0023803
0.0020708
0.0023979
0.002056
0.0026321
0.002041
0.0020404
0.0022465
0.0021175
0.0024713
0.0023779
0.0026194
0.0024918
0.0021991
0.0020123
0.0024435
0.0021904
0.0024495
0.0021788
0.0021841
0.0023847
0.0024422
0.0012715
0.0012624
0.0013913
0.0024103
0.0016475
0.001777
0.001281
0.001411
0.0012009
0.0012544
0.0011965
0.0012463
0.0026393
0.0024689
0.0022445
0.0023282
0.0024113
0.002492
0.0022547
0.0021747
0.0012116
0.0012206
0.0011932
0.001173

0.0011454
0.0011538
0.0020746
0.0011803
0.0021588
0.0026843
0.0021091
0.0022797
0.0020435
0.0020955
0.0021891
0.0022678
0.0022694
0.0024273
0.0021103
0.0011409
0.0011837
0.0011592
0.0012048
0.0011903
0.001424
0.0011607
0.0011852
0.001106
0.0011617
0.0012129
0.0012089
0.001126
0.0011054
0.0023767
0.0020655
0.0022046
0.002074

0.0020171
0.001981
0.002033
0.0020561
0.0020972
0.0020116
0.002063
0.0011165
0.001164
0.0010748
0.0011566
0.0011024
0.0011543
0.0010907
0.0013198
0.0011804
0.0011736
0.0024382
0.0024312
0.002016
0.0020197
0.0024477
0.0024677
0.0022456
0.0023202
0.0020327
0.002026

0.0011664
0.0011544
0.0011248
0.0011114
0.0012928
0.0011395
0.0012889
0.0011371
0.0011139
0.0021352
0.002616
0.0020456
0.0022013
0.0023845
0.0022489
0.0023979
0.0020132
0.0020282
0.0011924
0.0011614
0.0011402
0.001163
0.0010991
0.0011191
0.0011179
0.0011442
0.0011377
0.0018306
0.0022683
0.0022562
0.0020177
0.0020925
0.0021199
0.002108
0.0021378
0.0021265
0.0026454
0.002707
0.0014102
0.0025133
0.0012463
0.0024854
0.0012843
0.0018811
0.0012326
0.0012181
0.0018347
0.0026036
0.0021718
0.0013596
0.002447
0.0022087
0.0020992
0.0024098
0.0024205
0.0025422
0.0022049
0.0022424
0.0012654
0.0013469
0.0014374
0.0012296
0.0012504
0.0022605
0.0017217
0.0017358
0.0014148
0.0012725
0.0023754
0.0026844
0.0025092
0.00264
0.0022044
0.0017383
0.0025766
0.002233
0.0022676
0.0022943
0.0022816
0.0022948
0.0022619
0.0014993
0.0022398
0.0022084
0.0023009
0.0023079
0.0022768
0.0022706
0.0022768
0.0022637
0.0012689
0.0013877
0.0023201
0.0014288
0.0017085
0.0012647
0.0015549
0.0012798
0.0012478
0.001453
0.00121

0.0014415
0.0015138
0.0012642
0.0014058
0.0012395
0.0015023
0.001208
0.0012391
0.0012993
0.0019156
0.0020051
0.0023189
0.0020774
0.0020953
0.0021767
0.0021587
0.0021247
0.001223
0.0023044
0.0025682
0.0022315
0.0026624
0.0026543
0.002205

0.0021744
0.0022405
0.0012577
0.0011993
0.0012199
0.0011877
0.0012363
0.0012307
0.0013211
0.0012549
0.001217
0.0021843
0.0022242
0.0013818
0.0022748
0.0012478
0.0021388
0.0013169
0.0021585
0.0014696
0.0014859
0.0021656
0.0020943
0.0016403
0.0024576
0.0023263
0.0021531
0.0021471
0.0019973
0.0025987
0.0021947
0.0023175
0.0013584
0.0020785
0.0025748
0.0021195
0.0023358
0.002243
0.0023984
0.0021183
0.0027128
0.0022792
0.0022746
0.0022762
0.0012483
0.0012663
0.0013187
0.0012192
0.0012265
0.0012059
0.0012365
0.0011992
0.001418
0.0012053
0.0012514
0.0025921
0.0011792
0.0011761
0.0011696
0.0011992
0.0012965
0.0014134
0.0020135
0.0011479
0.0011406
0.002163
0.0022974
0.002567
0.0020296
0.0022593
0.0019614
0.0023231
0.0022452
0.002508
0.002471
0.0015003
0.0023667
0.002877
0.0020923
0.0023995
0.002261

0.0023551
0.0020595
0.0023414
0.0020844
0.0024683
0.0014825
0.0016004
0.0012072
0.0012329
0.0012257
0.001258
0.001236
0.0012714
0.0011913
0.0012073
0.0012067
0.0011889
0.0013722
0.0013493
0.00135
0.0012023
0.0013684
0.0012226
0.0012761
0.0023993
0.0021367
0.0023689
0.0023358
0.0020601
0.0022204
0.0026441
0.0026443
0.0021765
0.0023666
0.0024804
0.0019057
0.0024288
0.0024104
0.0023911
0.0023457
0.0024798
0.0027757
0.0031311
0.0034017
0.0016803
0.0022373
0.0012831
0.0021732
0.0012665
0.00217
0.0022726
0.0023297
0.0012204
0.00224
0.002532
0.0021853
0.001281
0.0013861
0.0013304
0.0014195
0.00218
0.0023135
0.0012261
0.0013127
0.0013686
0.0014763
0.0012886
0.0015617
0.0020643
0.0017861
0.0021421
0.0012343
0.002046
0.0014251
0.0018037
0.0011731
0.0012217
0.0022523
0.0025487
0.0023562
0.0023773
0.0024785
0.0021861
0.0024098
0.0025748
0.0026157
0.0012603
0.0018974
0.0017631
0.0025916
0.0013537
0.0020235
0.0012839
0.0016211
0.0012488
0.0013067
0.0012146
0.0012378
0.0013102
0.0012288
0.0011977
0.0012076
0.001253
0.0013637
0.0013324
0.0023467
0.0012406
0.0016699
0.0011626
0.0011903
0.001244
0.0014391
0.001574
0.0016171
0.0023876
0.0011595
0.0021967
0.0022187
0.0021067
0.0022824
0.0023992
0.0022856
0.0023031
0.0020914
0.002192

0.0012128
0.0013713
0.0018307
0.0012826
0.0013574
0.0012107
0.001247
0.0011553
0.0011707
0.0011583
0.0011813
0.0011715
0.0011614
0.0011558
0.0011814
0.0011798
0.0014012
0.001975
0.0011713
0.0012564
0.0011794
0.001187
0.0015965
0.0018422
0.0011755
0.0011403
0.0012678
0.0011493
0.0014372
0.0014615
0.0011252
0.0011661
0.0019618
0.0032393
0.0020872
0.0021808
0.0022554
0.0020285
0.0020535
0.0021486
0.0023672
0.0014324
0.0022125
0.0011785
0.0011667
0.0011912
0.0011793
0.0011831
0.0012438
0.0013252
0.0011788
0.0011797
0.0011958
0.0012223
0.0013323
0.0018192
0.0026222
0.0015675
0.0023469
0.0025919
0.0034995
0.0025714
0.0024401
0.002632
0.0030153
0.0039197
0.0025691
0.0040945
0.0019748
0.0022526
0.0038117
0.0046162
0.0038622
0.0048667
0.0060309
0.0024125
0.0024682
0.0024613
0.0024612
0.0024039
0.0025927
0.0044878
0.0030947
0.0021613
0.0023714
0.0020186
0.0023934
0.0026143
0.0028198
0.0024807
0.0012368
0.00124
0.0015482
0.0012251
0.0012388
0.0013645
0.0012173
0.0016988
0.0018301
0.0023494
0.0012689
0.0012411
0.0014644
0.0023998
0.0013304
0.0020949
0.001706
0.0018915
0.001713
0.0019526
0.0013926
0.0019878
0.0015144
0.0014418
0.0024372
0.0022838
0.0022099
0.0018307
0.0020827
0.0021579
0.0022252
0.0023068
0.0024348
0.0018425
0.0026135
0.0023005
0.0022401
0.0024266
0.0026015
0.0026584
0.0022001
0.0025585
0.0017161
0.002667
0.0029182
0.002341
0.0013378
0.0013334
0.001347
0.0013844
0.0012901
0.0016836
0.0012584
0.0012428
0.0012512
0.0012439
0.0012881
0.0013082
0.0013912
0.0012825
0.0012384
0.0012515
0.0025274
0.0020977
0.0021031
0.0024252
0.0020581
0.0021272
0.0021111
0.0013721
0.0012918
0.0023295
0.0022446
0.0021014
0.0022414
0.0022784
0.0025509
0.0021538
0.002498

0.0024022
0.0023907
0.0027985
0.0018745
0.0022391
0.0018828
0.002246
0.0022963
0.0018071
0.0019507
0.0013862
0.0014285
0.0025442
0.0025605
0.0022729
0.0023984
0.0024169
0.002798
0.0017406
0.0017895
0.0019374
0.0017204
0.0024194
0.0024825
0.0025001
0.0026191
0.0022373
0.0024512
0.0026451
0.0025651
0.0027561
0.0014484
0.0016913
0.0022198
0.0015198
0.0028123
0.0026655
0.0023709
0.0024351
0.0023069
0.0022636
0.0022758
0.00233

0.0012639
0.0012024
0.0012424
0.001214
0.0012569
0.0013578
0.0013977
0.0013932
0.0014186
0.001234
0.0012135
0.0012367
0.0013184
0.0012386
0.001309
0.0012379
0.0015433
0.0021715
0.0020644
0.0022097
0.0023352
0.0023236
0.0023455
0.0024676
0.0027132
0.0023013
0.002598
0.002453

0.0023868
0.0027673
0.0012114
0.0024356
0.0022614
0.0021872
0.0020376
0.002085
0.0020371
0.0020085
0.0012743
0.0021936
0.0022981
0.0021929
0.0027602
0.0022101
0.0025772
0.0021817
0.0023385
0.0021597
0.0026155
0.0023441
0.0025893
0.0013991
0.0017316
0.0014952
0.0016657
0.0013084
0.0016449
0.0012762
0.001512
0.0025969
0.0025245
0.0023417
0.0025903
0.0022209
0.0024566
0.0024117
0.002537
0.0022723
0.0026262
0.0023168
0.0025276
0.0017567
0.0026889
0.0021753
0.0022133
0.001867
0.0025671
0.0017642
0.0022915
0.0017025
0.0017831
0.0012707
0.0012793
0.0019049
0.0020951
0.0013964
0.0029502
0.0025395
0.0023439
0.0029929
0.0027431
0.0030872
0.0020694
0.0025409
0.0021802
0.0024474
0.0016316
0.0016664
0.001625

0.001271
0.0012619
0.0014374
0.0012438
0.0012254
0.0023829
0.0024482
0.0022586
0.0024249
0.0024546
0.0026937
0.0025577
0.002561
0.0028153
0.0012835
0.0023806
0.0012594
0.0014222
0.0017867
0.0020581
0.0012931
0.0012827
0.0012774
0.001542
0.0019036
0.0012565
0.0014322
0.0012215
0.0012459
0.0014215
0.0024678
0.0025014
0.0021808
0.0024405
0.0024662
0.0021813
0.0021651
0.0024885
0.0011941
0.001238
0.0012027
0.0012218
0.0012475
0.0013338
0.0012448
0.0024131
0.0026502
0.0023194
0.0023276
0.0025028
0.002441
0.002597
0.0022698
0.00233
0.0012192
0.0012323
0.0012196
0.0012287
0.0011666
0.00117
0.0011649
0.0011686
0.001235
0.0012792
0.0011958
0.0011711
0.0011712
0.0011668
0.0012075
0.001176
0.0012051
0.002065
0.0024934
0.0022878
0.0021607
0.0025368
0.0023918
0.0021098
0.0021041
0.0013342
0.0014664
0.0011666
0.0012042
0.0011919
0.0011871
0.0023515
0.0024465
0.0020516
0.0023275
0.0020498
0.0024043
0.002461

0.0022576
0.0025234
0.0023677
0.0023613
0.0011457
0.0011829
0.0012469
0.0013209
0.0013961
0.0017316
0.0013989
0.0011905
0.001156
0.0011973
0.0013294
0.0015263
0.0017051
0.0016392
0.0022821
0.0019115
0.0021878
0.0024448
0.0023071
0.0017458
0.0021757
0.0016305
0.0030444
0.0023756
0.0024488
0.0024323
0.0025089
0.0026468
0.0025334
0.0024924
0.002599
0.0025213
0.0025769
0.002417
0.0025167
0.0018253
0.0025096
0.0016072
0.0016925
0.001273

0.0014241
0.0014291
0.0013288
0.002413
0.0013449
0.0017757
0.0012224
0.0025768
0.0013243
0.0013777
0.0012296
0.0012694
0.0013882
0.0022319
0.0014896
0.0016248
0.0012427
0.0012857
0.0015187
0.0016566
0.001204
0.0012221
0.0012756
0.0012888
0.0012035
0.0012189
0.0021806
0.0022006
0.0034087
0.0021389
0.0024396
0.0024527
0.0022812
0.0026363
0.0027262
0.002181
0.0028495
0.0025074
0.002693
0.0015159
0.0017668
0.0013309
0.0014969
0.0015723
0.0014914
0.0014669
0.0013214
0.0013758
0.0012643
0.0012903
0.0018513
0.0020143
0.0012479
0.0024425
0.0012428
0.001444
0.0017464
0.0022076
0.0021974
0.0011894
0.0012731
0.0012131
0.0012455
0.0011808
0.0012238
0.0011751
0.0012799
0.0011897
0.0011942
0.0010871
0.0012365
0.0024526
0.0022804
0.0019225
0.0023455
0.0022039
0.0020647
0.00231

0.0021337
0.0022644
0.0023666
0.0024096
0.0023482
0.0023187
0.0011869
0.0012059
0.0011983
0.0015537
0.0012008
0.0013436
0.0011685
0.001195
0.001167
0.0012133
0.0011904
0.0012224
0.0011398
0.0011386
0.0012902
0.0011613
0.0011897
0.0011295
0.0011685
0.001177
0.0011838
0.0011333
0.0011732
0.0011607
0.0013486
0.0020231
0.0010889
0.0011188
0.0011032
0.0019018
0.0018498
0.0023838
0.0021317
0.002292
0.0022168
0.0022842
0.0020598
0.0024185
0.0021053
0.0021364
0.0021085
0.0021411
0.0023782
0.0024425
0.0011886
0.0012619
0.0011695
0.0011707
0.0011836
0.001189
0.0011791
0.0011956
0.0011652
0.0011862
0.0011667
0.0011778
0.0012556
0.0016113
0.0020297
0.0020725
0.0011506
0.0011338
0.0011381
0.0011749
0.0011305
0.0011217
0.0012059
0.0012145
0.0010885
0.0010996
0.0011163
0.0011364
0.0012699
0.0011052
0.0023321
0.0020414
0.0022745
0.0023507
0.0027175
0.0025254
0.0024036
0.0024786
0.0021932
0.0021686
0.002179

0.0024911
0.0024118
0.0013293
0.0022277
0.0013522
0.0014629
0.0021632
0.0012045
0.0024841
0.0012158
0.0012314
0.0012308
0.001185

0.0011768
0.0012124
0.0011924
0.0014679
0.0011822
0.0011836
0.0011559
0.0011917
0.0011553
0.0011971
0.0021286
0.0012439
0.0011727
0.0012012
0.0022472
0.0019628
0.0021631
0.0021027
0.0020512
0.0023882
0.0022483
0.002359
0.0021397
0.0022697
0.0023631
0.0021764
0.0022641
0.0025811
0.0013369
0.0015134
0.0013745
0.0016935
0.0013069
0.0013842
0.0012293
0.0012366
0.0012326
0.0014989
0.0018239
0.001209

0.0012548
0.0012185
0.0012384
0.0013055
0.0012153
0.0012005
0.0013157
0.0014047
0.0011938
0.0011984
0.0011666
0.0020773
0.002325
0.0025198
0.0021233
0.0023926
0.0025683
0.0024497
0.0023654
0.0025089
0.0022544
0.0021736
0.0022483
0.002228
0.0021976
0.0012137
0.0013158
0.0012125
0.0012498
0.0011427
0.0011699
0.0011866
0.0011736
0.0011751
0.001163

0.0011756
0.0011746
0.001165
0.0011823
0.0011816
0.0011665
0.0011845
0.0011319
0.0011282
0.0011354
0.0020194
0.0019122
0.0011266
0.0018742
0.0024152
0.0019554
0.0020289
0.002337
0.0020032
0.0023114
0.0022416
0.0020926
0.0020967
0.0020811
0.0021132
0.0018768
0.0022734
0.001243
0.0015093
0.0011934
0.0013118
0.0011764
0.0012017
0.0011955
0.0011804
0.0011949
0.0011867
0.0011686
0.0012272
0.0013074
0.0011774
0.0012487
0.0011265
0.0011435
0.0011339
0.0011465
0.0010913
0.0010913
0.0010817
0.0020615
0.0022507
0.0020043
0.0022846
0.0018849
0.0021729
0.0019069
0.0024535
0.0020078
0.0020685
0.0023827
0.002345
0.0023597
0.0021816
0.0022532
0.0013023
0.0022615
0.0026019
0.0021652
0.0021795
0.0021916
0.0022484
0.0021757
0.0012209
0.001181
0.001224
0.0015997
0.0022136
0.0011628
0.001393
0.0011695
0.0011823
0.0014607
0.0011531
0.0011621
0.0026639
0.0024381
0.0021091
0.0020957
0.0020845
0.0020912
0.0021086
0.0011525
0.0011714
0.0012066
0.001409
0.0012518
0.0012943
0.001155
0.0011821
0.0012878
0.0013246
0.0011902
0.0012607
0.0020837
0.0024058
0.00202

0.0023592
0.0025147
0.0020674
0.0021287
0.0026839
0.0020783
0.0020664
0.0011909
0.0023379
0.001247
0.0013612
0.0011951
0.0012105
0.0023902
0.0011996
0.0015513
0.001162
0.0011846
0.0013147
0.0011696
0.0020216
0.002389
0.0021045
0.0020558
0.0023778
0.0024296
0.002314
0.0024452
0.0021867
0.0012191
0.0016487
0.0013009
0.0013422
0.0014114
0.001439
0.0017268
0.0012527
0.0014329
0.0012125
0.0012256
0.0021566
0.0026305
0.0021932
0.0023966
0.0022116
0.0021909
0.0021979
0.0021896
0.0012336
0.0012135
0.0013809
0.0012348
0.0012323
0.0012421
0.0021796
0.001241
0.0012428
0.0012323
0.0013498
0.0020854
0.0021839
0.0023742
0.002101

0.0021385
0.0021874
0.0023816
0.0024389
0.0012662
0.0013568
0.0012212
0.0012514
0.0012182
0.0012481
0.0011926
0.0011981
0.0011732
0.0011566
0.0024319
0.0023985
0.0020962
0.0021073
0.0025101
0.0025769
0.0021034
0.0015874
0.0015407
0.0012626
0.0012381
0.0012988
0.0011692
0.0011517
0.0011946
0.0012638
0.0012953
0.0011911
0.0012044
0.0011437
0.0011345
0.0021485
0.0022164
0.002038

0.0021079
0.0021196
0.0021157
0.0012509
0.001178
0.0011822
0.001164

0.0011432
0.0012774
0.0020851
0.0021072
0.0011438
0.0011295
0.0024113
0.0022959
0.0020685
0.0022843
0.0020977
0.0021286
0.0016265
0.0015431
0.0021747
0.002191

0.0021784
0.0021975
0.0024462
0.0024852
0.0017078
0.0011975
0.0022705
0.0025504
0.0027245
0.0023152
0.0028998
0.0021836
0.0023987
0.0021619
0.001198

0.0012196
0.0011569
0.0011917
0.0011496
0.0011756
0.001201

0.0011711
0.0011919
0.0011891
0.0011717
0.0013511
0.0013981
0.0012298
0.0012127
0.0012058
0.0012215
0.0011324
0.0011425
0.0012225
0.0010916
0.0010786
0.0023032
0.0021303
0.0019727
0.0023597
0.0024378
0.0020213
0.0022985
0.0026185
0.0022222
0.0024102
0.0023479
0.002263
0.002387
0.0021722
0.0022233
0.0021756
0.0012439
0.001212
0.001238
0.0011711
0.0012641
0.0013131
0.0011596
0.001187

0.0011948
0.0011782
0.0019573
0.0012053
0.0011878
0.0011472
0.0011654
0.0013101
0.0023363
0.0019865
0.001137
0.0020651
0.0024333
0.0020733
0.0020669
0.0020982
0.0023133
0.0023063
0.0020243
0.0023356
0.0020943
0.0022551
0.0019758
0.0023626
0.0021992
0.002649

0.0013464
0.0025082
0.0014346
0.0015251
0.0013038
0.0022805
0.0014907
0.0021847
0.0012274
0.0014058
0.0012239
0.0013226
0.0014765
0.0016893
0.002205

0.0013474
0.0014311
0.0012
3
0.0012522
0.0012648
0.0020624
0.0012689
0.002188
0.0023808
0.0022933
0.0022785
0.0021366
0.0022057
0.0022986
0.0022819
0.0024872
0.00228
0.004136
0.0024723
0.0021026
0.0027655
0.0022549
0.0025752
0.0026158
0.0022507
0.0022742
0.0012494
0.001268
0.0012768
0.0013779
0.0014161
0.0012239
0.0012155
0.0012278
0.0012412
0.0012121
0.0013325
0.0015466
0.0012569
0.0012628
0.0012214
0.0011893
0.0022199
0.0022905
0.0011819
0.0011836
0.0011608
0.0011862
0.0020845
0.0021133
0.0033256
0.0022027
0.0024422
0.0020537
0.002394
0.0022456
0.0021402
0.0021858
0.0023129
0.0021685
0.0021793
0.0022664
0.0012963
0.0012505
0.001592
0.001741
0.001197
0.0012347
0.0012199
0.001265
0.0012906
0.0011692
0.0011922
0.001158
0.0012668
0.0011519
0.0013093
0.0011888
0.001266
0.0011713
0.0011745
0.0015622
0.0016343
0.0012572
0.0012816
0.0011479
0.0015432
0.0011424
0.0011253
0.001138

0.0019766
0.0026551
0.0021947
0.0022417
0.0020159
0.0020311
0.0020939
0.0022762
0.0020994
0.0012212
0.0011666
0.0011707
0.001181
0.001201
0.0011923
0.0011542
0.0012289
0.0011783
0.0011503
0.0011724
0.0011393
0.0011309
0.001131
0.001124
0.0011497
0.0012421
0.0011125
0.0011709
0.0010948
0.0011366
0.0019277
0.0010975
0.0011243
0.0011194
0.0010614
0.0010773
0.0011443
0.0011425
0.0010424
0.0020208
0.0019967
0.0021622
0.0019648
0.0020444
0.0022025
0.0021268
0.0022111
0.002083
0.0022591
0.0021135
0.0027441
0.0012335
0.0014652
0.0012027
0.0012497
0.0012486
0.001345
0.0011196
0.0011412
0.0011905
0.0012613
0.0011098
0.0011325
0.0011409
0.0010786
0.0011144
0.0010813
0.0011356
0.0010963
0.0010903
0.0010745
0.0011213
0.0010776
0.001105
0.0010978
0.001068
0.001072
0.0019204
0.0010673
0.0010612
0.0010524
0.0021013
0.002215
0.0020518
0.0020202
0.0020194
0.0020209
0.002099

0.0021075
0.0024475
0.0026582
0.0012355
0.0012785
0.0011838
0.0012011
0.001385
0.0019091
0.0021266
0.0011774
0.0012169
0.0011757
0.0011432
0.0011773
0.0011907
0.0011899
0.0013052
0.0012083
0.0013608
0.0020684
0.002115
0.0012346
0.0012023
0.0011891
0.0013121
0.0011502
0.0011424
0.0011431
0.0019757
0.0023548
0.0023471
0.002331
0.0020435
0.0023563
0.002143
0.0017229
0.0018447
0.002097
0.0022739
0.0022081
0.002181

0.0022431
0.0022609
0.0024866
0.0012638
0.0012085
0.0011974
0.0014288
0.0012118
0.0012232
0.0013511
0.0011809
0.0011803
0.001201
0.0011776
0.0011772
0.0011858
0.0011808
0.0011996
0.0013469
0.0023128
0.002499
0.0023411
0.0021278
0.0020958
0.0020895
0.001187
0.0011791
0.0012017
0.0011849
0.0022125
0.0025942
0.0021138
0.0024083
0.0025476
0.0022888
0.0024533
0.0021297
0.002288

0.0012269
0.0012026
0.0012079
0.0012353
0.0011596
0.0012057
0.0011871
0.0012219
0.0011794
0.0011822
0.0011244
0.001135
0.0011374
0.0011472
0.001363
0.0011276
0.001981
0.0011311
0.0023351
0.0023084
0.0019618
0.0020423
0.0020306
0.0020287
0.0012176
0.0027
0.0019914
0.0011402
0.0025397
0.0023179
0.0022378
0.0022754
0.0021149
0.0021029
0.0023776
0.0024221
0.0022359
0.0023487
0.0011726
0.0012866
0.0011768
0.0011787
0.0012297
0.0011885
0.0011674
0.0011879
0.0011088
0.0011458
0.0011298
0.0011294
0.0011315
0.0011378
0.0011426
0.0011309
0.0011568
0.0011365
0.0019837
0.0023718
0.0022391
0.0023019
0.0021663
0.0024192
0.002408

0.0022523
0.0025742
0.0021981
0.0024225
0.0011214
0.0011201
0.0024239
0.0018671
0.0019118
0.0023313
0.0019241
0.002324
0.0022327
0.0023315
0.0020501
0.0023232
0.0013707
0.0011869
0.0023235
0.0011734
0.0011974
0.0012435
0.0011657
0.0011676
0.0011665
0.0013054
0.001355
0.0011621
0.0011648
0.0011201
0.0011443
0.0011245
0.0011287
0.0011234
0.0011262
0.001198
0.0021406
0.0020486
0.0019025
0.0023734
0.0019174
0.0023939
0.002285
0.002457
0.0022872
0.0024408
0.0021757
0.0022363
0.0023831
0.0011647
0.0020714
0.002382
0.0024032
0.0021359
0.0024441
0.0022355
0.0014542
0.0012094
0.001831
0.0021658
0.002194

0.0024972
0.0023135
0.0023765
0.0022404
0.0025567
0.0015797
0.0019596
0.0013108
0.0014055
0.0012678
0.0013941
0.0025726
0.0026494
0.002407
0.0024335
0.002306
0.0025116
0.002099
0.0026173
0.0025381
0.0019712
0.0025222
0.0012538
0.0022107
0.0012443
0.0013665
0.0014594
0.0011578
0.0011989
0.0011791
0.0021536
0.0021742
0.0021175
0.0012044
0.0013726
0.0011908
0.0012118
0.0011677
0.0020313
0.0023988
0.00199
0.0017702
0.002533
0.0021018
0.0028829
0.0018938
0.0024005
0.0022687
0.0023694
0.0023651
0.0025163
0.0011816
0.0012423
0.0011698
0.0012228
0.0013246
0.0012549
0.002093
0.0021285
0.0024049
0.0021044
0.0021395
0.0021072
0.0021437
0.0021267
0.0023052
0.0023611
0.0011711
0.0011942
0.0011638
0.0012155
0.0012
0.0012088
0.0011731
0.0012095
0.001157
0.0011948
0.001185
0.0012407
0.001172
0.0012153
0.0011891
0.0012051
0.0011783
0.001299
0.0021894
0.0023413
0.0020486
0.0022816
0.0024552
0.002066

0.0023715
0.0020768
0.0011896
0.0013025
0.0013427
0.0011981
0.0012048
0.0025144
0.0026674
0.002138

0.0023924
0.002429
0.002578
0.002597
0.0021379
0.0021931
0.0011779
0.0011661
0.0012004
0.0011181
0.0011405
0.0011206
0.0011487
0.0011318
0.0011657
0.001157

0.0011847
0.0012373
0.001122
0.0011501
0.0011269
0.0020896
0.0020965
0.0024406
0.0019595
0.0020472
0.0020514
0.0022076
0.0020389
0.0020434
0.0011506
0.0027557
0.0011465
0.0011475
0.0011487
0.0022646
0.002463
0.0024844
0.0020975
0.0021069
0.0020892
0.0020885
0.0020802
0.0011622
0.001175
0.0011816
0.0011846
0.0011198
0.0011316
0.0011295
0.0011968
0.0012237
0.0011287
0.0011388
0.0011404
0.0011429
0.0011372
0.0018405
0.0023625
0.0019851
0.0021633
0.0023078
0.0023882
0.0021143
0.0018723
0.0014886
0.0026503
0.0020576
0.0023084
0.0023727
0.0021742
0.0021878
0.0024004
0.0021776
0.0023887
0.0024546
0.0012211
0.0011982
0.0012311
0.0012746
0.0013153
0.0012163
0.0012247
0.001202
0.0021948
0.0012315
0.0012154
0.0012174
0.0012273
0.0012414
0.0012697
0.0015955
0.0015561
0.0011598
0.0011876
0.0011732
0.0011851
0.001152
0.0011833
0.0011877
0.0011492
0.0011678
0.0011648
0.0011973
0.0012108
0.0012528
0.0025992
0.0024012
0.0022861
0.002526
0.0024501
0.0025301
0.0024183
0.002499
0.0024405
0.002574
0.0026293
0.0026939
0.0019591
0.0020964
0.0014421
0.0015702
0.001559
0.0024067
0.0013198
0.001919
0.0013762
0.0015607
0.0012651
0.0014432
0.0013906
0.0022595
0.0021258
0.0024815
0.0012373
0.0012166
0.002142
0.0012137
0.0020424
0.0012363
0.0020457
0.0015746
0.0018977
0.0011936
0.0011942
0.0012955
0.0024398
0.0012234
0.0013524
0.0012687
0.0013774
0.0012145
0.0011961
0.0023025
0.0023457
0.0022976
0.0021145
0.0020835
0.0022932
0.0020838
0.0023158
0.0021363
0.0024837
0.0021776
0.0023913
0.0024245
0.0024119
0.0012531
0.001261

0.0013401
0.0011808
0.0012234
0.0012072
0.0012238
0.0011983
0.0012178
0.0013393
0.0017348
0.0012577
0.0014624
0.0011983
0.0011783
0.0011672
0.0011876
0.0011581
0.0011659
0.0011609
0.0011812
0.0011858
0.0012194
0.0011866
0.0011125
0.0011
0.0020502
0.0019932
0.0021135
0.0020496
0.0020567
0.0021069
0.0020901
0.0022338
0.0023056
0.0022607
0.0024535
0.0021952
0.0012254
0.0012795
0.0014298
0.0012425
0.0011909
0.0012885
0.0011714
0.0012549
0.0014754
0.0011606
0.0011731
0.0011542
0.0011767
0.0011716
0.0013599
0.0014642
0.0011355
0.0011266
0.0011238
0.0012264
0.001226
0.0012224
0.0013118
0.0020279
0.001101
0.0022087
0.0019484
0.0011062
0.0020449
0.0019898
0.0021409
0.0021304
0.0021317
0.0021825
0.0014489
0.0024229
0.0026052
0.0021314
0.0023294
0.0021359
0.0023226
0.0022378
0.0021638
0.0021822
0.0011654
0.0012212
0.0012396
0.0011687
0.0012322
0.0011719
0.0012263
0.0011979
0.001225
0.0012163
0.0011728
0.001206
0.001247
0.0012907
0.0012659
0.0013631
0.0011841
0.0013865
0.001164

0.0021052
0.0011129
0.002205
0.0023135
0.00202
0.0020535
0.0019739
0.0020153
0.0020693
0.0021104
0.0022267
0.002304
0.0020853
0.0011945
0.0024214
0.0023593
0.0021545
0.0025087
0.0021914
0.0023035
0.002232

0.0012074
0.0012394
0.0018365
0.0021985
0.0012426
0.0024589
0.0014548
0.0025737
0.0012383
0.0012479
0.00123
0.0012585
0.0012343
0.0026798
0.0011664
0.0011985
0.0011734
0.0011874
0.001197
0.0012109
0.0023932
0.0018538
0.0023822
0.00241
0.0020943
0.0021494
0.0024048
0.0024306
0.002275

0.0021787
0.0012827
0.0013028
0.0022613
0.0024689
0.0021869
0.0022381
0.0023847
0.002287
0.002436
0.0027566
0.0028056
0.0012897
0.0018104
0.0024755
0.0026032
0.0026529
0.0012686
0.0013088
0.0012292
0.0016208
0.0012381
0.0012596
0.0012295
0.0012633
0.0014161
0.0015308
0.0012836
0.0013066
0.0012373
0.0012514
0.0016392
0.0012269
0.001236
0.0021517
0.0021526
0.0020899
0.0021918
0.0021191
0.0021322
0.0022233
0.0025235
0.0023585
0.0024028
0.0021609
0.0012748
0.0023302
0.0024233
0.0021327
0.0024029
0.0024752
0.0024639
0.0021069
0.0024805
0.0025161
0.0025747
0.0015017
0.0015113
0.0012729
0.0012751
0.0013274
0.0014712
0.0012149
0.0012475
0.0012206
0.0012143
0.0012685
0.0013456
0.0012416
0.001182
0.0011852
0.001177

0.0011949
0.0011841
0.0012184
0.0012582
0.0011538
0.0011408
0.0021905
0.0026437
0.0020559
0.0024479
0.0023805
0.0026392
0.0023225
0.0026371
0.0019223
0.0026529
0.0015819
0.0011782
0.0021166
0.0021187
0.0021402
0.0021616
0.0023148
0.0018499
0.0012327
0.0026482
0.0027202
0.0026513
0.0023711
0.0024946
0.0022641
0.0026621
0.001377
0.0014822
0.0013707
0.0014766
0.0018159
0.0022459
0.0014832
0.0012843
0.0012207
0.0012079
0.0024143
0.0024718
0.002003
0.0024983
0.0024176
0.0026502
0.0025082
0.0025593
0.0024572
0.0011891
0.0011543
0.0011707
0.0011648
0.0011499
0.0015064
0.0017981
0.0013255
0.001528
0.0012695
0.0013287
0.0016866
0.0014718
0.0011686
0.002142
0.0023526
0.0020362
0.0027822
0.0029243
0.0021957
0.002908
0.0012706
0.0013952
0.0012606
0.0014385
0.0011706
0.001181
0.0011891
0.0011755
0.0011863
0.0011203
0.002334
0.002329
0.0021544
0.0023678
0.0020986
0.0024141
0.0020968
0.0021108
0.0020833
0.0021056
0.0011836
0.0012296
0.001781
0.0021159
0.0011777
0.001172
0.0011769
0.0011669
0.0011685
0.0023601
0.0023934
0.0021025
0.0021005
0.002221

0.0022587
0.0024311
0.0012409
0.0012435
0.0014511
0.0015116
0.0012359
0.0013023
0.0012383
0.0013135
0.0012474
0.0013748
0.001682
0.0012939
0.0025642
0.0023055
0.002251

0.0021873
0.0022179
0.0022488
0.0022035
0.0013625
0.001532
0.0012235
0.0012293
0.0012378
0.0021006
0.0024748
0.0026183
0.0014915
0.0020327
0.0021287
0.0014302
0.0024133
0.0024498
0.0024112
0.0021605
0.002361
0.0024781
0.0027178
0.0022123
0.0022935
0.0026337
0.0027171
0.0012188
0.0012366
0.001239
0.0012285
0.0013229
0.002212

0.0012012
0.0011989
0.0011959
0.0013335
0.002261
0.0024492
0.0021216
0.0022839
0.0025362
0.002278

0.0022018
0.0014127
0.0014511
0.0016832
0.0012385
0.001359
0.0011963
0.0011721
0.0011717
0.0011869
0.0011871
0.0012138
0.002079
0.0020575
0.0023359
0.0023038
0.0023653
0.0015074
0.0013748
0.0017498
0.002669
0.002446
0.0023552
0.0025619
0.0024245
0.0024867
0.0030787
0.0027086
0.0024402
0.002524
0.0024755
0.0026258
0.0022735
0.0022552
0.0023353
0.0022747
0.0012905
0.0014321
0.0014817
0.0021963
0.0012164
0.0013021
0.0012738
0.0013062
0.0012205
0.0014294
0.0015581
0.0014133
0.0012156
0.0012467
0.0011641
0.0012064
0.0011625
0.0011877
0.001172

0.0012137
0.0012663
0.0025829
0.0023725
0.0022598
0.0024889
0.00219
0.0023012
0.0024897
0.0011947
0.0022078
0.0028596
0.0021801
0.0021696
0.0022078
0.0021922
0.0021744
0.0021984
0.0012253
0.0012391
0.0014073
0.001549
0.0020757
0.0011932
0.0011854
0.0011823
0.0011841
0.0016951
0.0011366
0.0011764
0.0011512
0.0011265
0.0011405
0.0011514
0.0011339
0.0011248
0.0020476
0.0020184
0.0020851
0.0028069
0.0020415
0.0022629
0.0021343
0.0025147
0.0021203
0.0021389
0.0020095
0.0020893
0.0026563
0.0024419
0.0021174
0.0021749
0.0021899
0.0021902
0.0021214
0.0024635
0.0011927
0.0021795
0.001435

0.0013263
0.0013394
0.0012849
0.0013452
0.0012449
0.0014086
0.001233
0.0012666
0.0012019
0.0013278
0.0012233
0.0012139
0.0012605
0.0012738
0.001147
0.0011826
0.0011817
0.0012062
0.0014272
0.0012778
0.0022435
0.0024975
0.0021051
0.002402
0.0025664
0.0021833
0.0020837
0.0013903
0.0021627
0.0022405
0.0021426
0.0021563
0.0022483
0.0022105
0.0022562
0.0022919
0.002214
0.0022163
0.0022611
0.0012899
0.0011982
0.0011726
0.001228
0.0011924
0.0012188
0.0011914
0.001181
0.0012022
0.0012035
0.0012501
0.0014445
0.0011463
0.0011831
0.0010898
0.0011369
0.0012293
0.0012923
0.0011972
0.0012427
0.0011488
0.0011239
0.0021755
0.0022126
0.001999
0.0020554
0.0022139
0.0024658
0.0021625
0.002138
0.0021745
0.0021866
0.0023508
0.0024015
0.0021797
0.0026706
0.0011856
0.001213
0.0012084
0.0013122
0.0011831
0.0011916
0.0012

0.0011691
0.001154

0.0011483
0.0011707
0.0012235
0.0013233
0.0011794
0.0011887
0.0011419
0.0011368
0.0011283
0.0013419
0.0011554
0.0011069
0.0011279
0.0010881
0.0011076
0.0010877
0.0010789
0.0020709
0.0023229
0.002024
0.0021343
0.0021567
0.0022135
0.0020978
0.0020988
0.0021443
0.0020897
0.0011925
0.0014626
0.0012047
0.0012121
0.0023115
0.0011944
0.001381
0.0011677
0.0011886
0.0011501
0.0011915
0.0011949
0.0011589
0.0011904
0.0011386
0.0011406
0.001203
0.0012111
0.0012808
0.0011505
0.0011285
0.0011674
0.0011123
0.0011568
0.001263
0.0010924
0.0010957
0.0010933
0.0010784
0.0011021
0.0012067
0.0020377
0.0019633
0.0021009
0.0021259
0.0020191
0.0020373
0.0020368
0.0021002
0.0021046
0.002111

0.0011653
0.0012034
0.0012389
0.0011748
0.0011937
0.0011353
0.001122
0.0011478
0.0012925
0.0011523
0.0011375
0.0011714
0.0011637
0.0011326
0.0010831
0.0010987
0.001101
0.001156
0.0010934
0.0010986
0.0011004
0.0011722
0.0010984
0.0011067
0.0011048
0.0012279
0.001243
0.0010887
0.0010921
0.001103
0.0010849
0.0018935
0.0022053
0.0020972
0.0021854
0.002057

0.0021973
0.0022629
0.0021122
0.0021066
0.0016447
0.001905
0.0013325
0.0025887
0.0013003
0.0017921
0.0012034
0.0012377
0.0011732
0.0011946
0.0011881
0.0012988
0.0011656
0.001174
0.0012694
0.0011913
0.0013502
0.0011812
0.001196
0.001173
0.0012007
0.0011799
0.0012148
0.001174
0.0011689
0.00118
0.0012009
0.0013009
0.0014608
0.0011649
0.0011603
0.0011648
0.001152
0.0023192
0.0023341
0.0022442
0.0021699
0.0023713
0.0023189
0.0024257
0.0024387
0.0013543
0.0021469
0.0025517
0.0024937
0.0025693
0.0028004
0.0024675
0.0027397
0.002509
0.0025673
0.0012455
0.0012481
0.0012575
0.0012613
0.0011992
0.0012135
0.0012635
0.0012417
0.0012172
0.0012734
0.0012186
0.0013716
0.0012232
0.0011639
0.0011592
0.0011649
0.0011858
0.0025763
0.0024224
0.0020508
0.002409
0.0023372
0.0026041
0.0021301
0.0024036
0.0025062
0.0012002
0.0012566
0.0011814
0.0011809
0.0015564
0.0018463
0.002595
0.0023556
0.0023213
0.0024039
0.0020556
0.002111
0.0020555
0.0021043
0.0020587
0.0021268
0.0020513
0.0021033
0.001118
0.0011582
0.0011202
0.0011727
0.0011184
0.0011533
0.001111
0.0011484
0.0011719
0.0011351
0.0010897
0.0011357
0.0011393
0.001113
0.0012544
0.0023503
0.0023034
0.0022184
0.0022975
0.0020171
0.0019708
0.002027
0.0019714
0.002016
0.0010905
0.0011342
0.0012134
0.0013206
0.0011274
0.0011568
0.0011489
0.0016866
0.0023756
0.0023028
0.0020071
0.0022542
0.0023835
0.0021005
0.0023333
0.0011707
0.0011572
0.00117

0.0011547
0.0012261
0.0013211
0.0013821
0.00118

0.0011725
0.0011663
0.0011688
0.0011729
0.0011806
0.0011728
0.0011788
0.0026589
0.0023152
0.0020474
0.0021359
0.0019592
0.0025045
0.0020397
0.0011233
0.0011376
0.0011204
0.0011227
0.0011253
0.001079
0.002231
0.0022325
0.0022226
0.0023535
0.0021951
0.0022468
0.0019965
0.0022927
0.0022423
0.0025144
0.0022501
0.0011783
0.0011743
0.0011749
0.0011597
0.0012111
0.0022047
0.0024523
0.0011421
0.0011475
0.0011556
0.0012199
0.0011894
0.0011511
0.0012295
0.001137
0.0023461
0.0022759
0.0020553
0.0023348
0.0022053
0.0023203
0.0020479
0.0023796
0.0022084
0.0022911
0.0011782
0.0011647
0.0011739
0.0012507
0.0013335
0.0023673
0.0011825
0.0024013
0.0024786
0.0021125
0.0024247
0.0021317
0.0012311
0.0014067
0.0018262
0.0026232
0.0019949
0.0025364
0.0022448
0.0025079
0.0026184
0.002197
0.0025884
0.00248
0.0024595
0.0020288
0.0017663
0.0024654
0.0023147
0.0023141
0.0022709
0.0022505
0.0025758
0.0025249
0.0027552
0.0025141
0.002635
0.0012451
0.001857
0.0012504
0.0022625
0.0013429
0.001536
0.0021417
0.0012757
0.0021654
0.0012393
0.0021053
0.0012271
0.0012357
0.0012311
0.0012239
0.0012059
0.001165

0.0012189
0.0011955
0.0013143
0.0022558
0.0024827
0.0021061
0.0020967
0.0024408
0.0024083
0.0020686
0.002461
0.0025946
0.0020943
0.0011849
0.0021684
0.0025457
0.0023706
0.002394
0.0023547
0.0021295
0.002083
0.0020705
0.0022452
0.0012166
0.001432
0.0011795
0.0011718
0.0011805
0.0011788
0.0011987
0.0012784
0.0011667
0.0011833
0.0012043
0.00117
0.0012059
0.0011835
0.0011745
0.0011861
0.0012298
0.0012214
0.0021472
0.0024985
0.0023732
0.0019712
0.0021343
0.0020351
0.0020525
0.002088
0.0018029
0.0024775
0.0011864
0.0011365
0.0022206
0.0023186
0.0021067
0.0021287
0.0021172
0.0017843
0.0024992
0.0023713
0.0011926
0.0023549
0.001199

0.0011881
0.0012323
0.0011844
0.0011613
0.0011554
0.0011702
0.0011182
0.0011406
0.0011449
0.0011274
0.0011423
0.0011533
0.0011236
0.0011412
0.0011464
0.0022837
0.0022274
0.0019615
0.0019467
0.0020374
0.0021374
0.0020512
0.0011927
0.0011346
0.0021816
0.0021675
0.0021019
0.0020939
0.0021023
0.0024349
0.0025396
0.002091

0.0011618
0.0011772
0.0020999
0.0011294
0.0012044
0.0012931
0.0011403
0.0011723
0.0011721
0.0012341
0.0011745
0.0013274
0.0011305
0.0011506
0.0011116
0.001137
0.0011615
0.0011012
0.001945
0.0019269
0.0024302
0.0022473
0.0024309
0.002136
0.0022192
0.0022723
0.0021655
0.0021362
0.00218

0.0021609
0.0021692
0.0021657
0.0021565
0.0012891
0.0025671
0.0012692
0.0025494
0.0012584
0.0013564
0.0012324
0.0013055
0.0012479
0.001288
0.0021023
0.0012784
0.0012945
0.0012821
0.0013302
0.0012659
0.001323
0.0012308
0.0012264
0.0011824
0.0012748
0.0012058
0.001224
0.0012101
0.0011767
0.0011739
0.0012214
0.0012049
0.001208

0.0012361
0.00135
0.0022533
0.0023444
0.0022534
0.002047
0.0023467
0.0021436
0.0021899
0.0022142
0.0021543
0.0026051
0.0012284
0.0012742
0.0013068
0.0013731
0.0015177
0.0012127
0.0012168
0.0012554
0.0020794
0.0024849
0.0012106
0.0013399
0.0011728
0.0012039
0.0021345
0.0011978
0.0012019
0.0012027
0.0012027
0.0012108
0.001205

0.0011434
0.0011487
0.0011505
0.001199
0.0011427
0.0011664
0.0011289
0.0011639
0.0019616
0.0021288
0.0023505
0.0023761
0.0021887
0.0020928
0.0020642
0.002131
0.0021834
0.0021812
0.002168
0.0021512
0.0012286
0.0012231
0.0012164
0.0012194
0.0012645
0.0012988
0.0012258
0.0012787
0.0012136
0.0012718
0.0012177
0.0012268
0.0013196
0.0014188
0.0012741
0.0014035
0.0012756
0.0012203
0.0012538
0.0011319
0.0011876
0.001097
0.001093
0.0011214
0.0012503
0.00109
0.0011169
0.0010924
0.0010575
0.0010607
0.0010815
0.0010652
0.0010748
0.0022843
0.0020921
0.0020428
0.0019817
0.0019644
0.0020278
0.0020336
0.0021129
0.0021013
0.0011887
0.0011577
0.0011767
0.0012043
0.0012384
0.0011927
0.001488
0.0011233
0.0011306
0.0011501
0.0011712
0.0013517
0.0011082
0.0011519
0.0011548
0.0013778
0.0015981
0.0011195
0.0022024
0.0010951
0.0011035
0.0010876
0.0011067
0.001107
0.0011131
0.0019457
0.0011198
0.0011805
0.0010668
0.0023133
0.0021328
0.0021562
0.0020111
0.0020403
0.0020843
0.0023711
0.002107
0.0022659
0.0018979
0.0021982
0.0020664
0.0020961
0.0021026
0.0021861
0.0021854
0.002443
0.0015339
0.0017761
0.0022026
0.001188
0.0011997
0.0013058
0.0011912
0.0011876
0.0012026
0.0011785
0.0011948
0.0012006
0.0011926
0.0011974
0.0013086
0.0012649
0.0011727
0.0013037
0.0022354
0.0024125
0.0022888
0.0023099
0.0021096
0.0024622
0.0020449
0.0020666
0.0025352
0.0012444
0.0023763
0.0012096
0.0015757
0.0011838
0.0020411
0.0022559
0.002509
0.0020867
0.0020748
0.0021102
0.0020753
0.0023384
0.0025007
0.0021725
0.0021482
0.0021746
0.0021505
0.0013457
0.0013936
0.0012485
0.0012519
0.0020588
0.0012416
0.0012652
0.0013699
0.0012359
0.0012517
0.0012812
0.0014317
0.00119
0.0011665
0.0011752
0.0011826
0.0020847
0.0021196
0.0021406
0.0023763
0.0023111
0.0024135
0.0024695
0.0025762
0.0022637
0.0024653
0.0021471
0.002475
0.0021798
0.0024275
0.0013588
0.0018185
0.0021681
0.0013822
0.0027852
0.002161
0.0021732
0.0024229
0.0021596
0.0023609
0.0020513
0.0024435
0.0020428
0.0025972
0.0013089
0.0013562
0.0012888
0.002033
0.0013089
0.0013441
0.0015565
0.0012103
0.0012255
0.0012361
0.0012438
0.001342
0.0011604
0.001182
0.0011756
0.0011777
0.0011649
0.0012185
0.0022532
0.0023009
0.002235

0.0021175
0.0020934
0.0021019
0.0011852
0.002108
0.0020939
0.0011916
0.0012419
0.0026309
0.0022802
0.0020322
0.0021044
0.0021307
0.0022149
0.002352
0.0023907
0.0020939
0.001204

0.0012549
0.0012564
0.0013309
0.0011537
0.0011876
0.0011835
0.0011678
0.001131

0.0011333
0.0011422
0.0011469
0.0011432
0.0019929
0.0011196
0.0020817
0.0023076
0.0022687
0.0020166
0.0020283
0.0020348
0.0020469
0.0011118
0.0011219
0.0011342
0.0011305
0.0011466
0.0020243
0.0019986
0.0020645
0.0020504
0.0020648
0.0014712
0.0011459
0.0011979
0.0024703
0.0023411
0.0024046
0.0025319
0.0022732
0.0024578
0.002181

0.002205

0.0025265
0.0012454
0.0021236
0.001415
0.0012553
0.0022694
0.0026604
0.0021466
0.002193
0.0024878
0.0024759
0.0021844
0.0012126
0.0012019
0.0012268
0.0012116
0.0012379
0.0012045
0.0011831
0.0011782
0.0011673
0.001174
0.0011699
0.0011799
0.0011762
0.001174

0.0012366
0.0013425
0.0011728
0.0012287
0.002415
0.0024762
0.002293
0.002316
0.0020248
0.0020023
0.0020356
0.0021672
0.0021132
0.0012248
0.001231
0.0011749
0.0023632
0.0021844
0.0022285
0.0023233
0.0021004
0.0021126
0.0020977
0.0021991
0.0022015
0.0012302
0.0012392
0.0012237
0.0014222
0.0011997
0.0012155
0.0011822
0.0011836
0.0013498
0.001206
0.0011988
0.0012368
0.0012375
0.0011865
0.0013577
0.0023129
0.002537
0.0012331
0.0012369
0.002298
0.0023773
0.0020652
0.0020817
0.0021774
0.0017839
0.0026726
0.0022019
0.0012949
0.0015575
0.001224
0.0012693
0.0024647
0.0022764
0.0024175
0.002508
0.0021753
0.0021532
0.0021981
0.0022057
0.0012364
0.0012198
0.0011996
0.0012168
0.001222
0.0012196
0.0012603
0.0012356
0.0012349
0.0012348
0.0011657
0.0011858
0.0011832
0.0011993
0.0011832
0.0011725
0.001175
0.001147
0.0021944
0.0022934
0.0020287
0.0021729
0.0024202
0.002249
0.0024678
0.0021075
0.0021085
0.0011919
0.0012683
0.0021824
0.0023765
0.0024902
0.0025894
0.0021028
0.0021037
0.0021047
0.0011735
0.0011767
0.0011947
0.0012355
0.001166
0.0011935
0.0011782
0.0011962
0.0011783
0.0012271
0.0011755
0.0012449
0.0011842
0.0011725
0.0012023
0.0011811
0.001237
0.0011843
0.0011877
0.0011701
0.0011799
0.0022381
0.0019358
0.0023695
0.0023336
0.0021723
0.0012206
0.0022381
0.0022613
0.0020569
0.0020851
0.0019571
0.0022462
0.0021367
0.0023337
0.0020943
0.002245
0.002094
0.00233
0.0012242
0.0013275
0.0012133
0.0012294
0.0012104
0.0012485
0.0012125
0.0012204
0.0011891
0.0011757
0.0011648
0.0011859
0.001201

0.0011369
0.0013765
0.0011563
0.0011991
0.0015519
0.0017054
0.0011288
0.001139
0.0011181
0.0011339
0.001245

0.0011441
0.0012207
0.0010952
0.0011323
0.0012688
0.0014327
0.0011312
0.0022306
0.0020302
0.0021323
0.0020229
0.002045

0.0021165
0.0022194
0.0020928
0.0021175
0.0011945
0.0012695
0.0011852
0.0011767
0.0012068
0.0012119
0.0011807
0.0012071
0.0011644
0.0011983
0.0012085
0.0014231
0.0015327
0.0011758
0.0011969
0.0011704
0.0011746
0.0011866
0.0012027
0.0010954
0.0011016
0.0011069
0.0011209
0.0011627
0.0011636
0.0011146
0.0011827
0.0010666
0.0010614
0.0010642
0.0010742
0.0010649
0.0018961
0.0018823
0.0018905
0.0019478
0.0019581
0.0020206
0.0019935
0.0020314
0.0019858
0.0023943
0.0025732
0.0022386
0.0011821
0.0011978
0.0012042
0.001269
0.0011833
0.0012133
0.0021454
0.001229
0.0019776
0.0012845
0.0019781
0.002161
0.0021642
0.0021304
0.0021464
0.0022022
0.0017407
0.0019125
0.001308
0.0019413
0.0011802
0.0020233
0.0011965
0.0021114
0.0012178
0.0014246
0.0012397
0.0011713
0.0012408
0.0021697
0.0021685
0.0020974
0.0018398
0.0019992
0.0021733
0.0024107
0.0012387
0.0021518
0.001269
0.0013946
0.0012681
0.0013196
0.0012441
0.0012155
0.0012271
0.0012203
0.001317
0.0012213
0.0012041
0.001255
0.0011959
0.0012131
0.001258
0.0011936
0.0012797
0.0011881
0.0011824
0.00117
0.0011736
0.0012015
0.0011781
0.0011482
0.0011486
0.0011306
0.0016161
0.0011243
0.0011137
0.0020487
0.0019967
0.0021952
0.0019884
0.0021397
0.0022841
0.0013102
0.0017613
0.0014036
0.0023371
0.0023781
0.0023904
0.0022614
0.0023454
0.0023845
0.0024762
0.0023172
0.002512
0.0012299
0.0013054
0.0012071
0.0012367
0.0012173
0.0011659
0.0013314
0.001189
0.0012105
0.0011742
0.0011823
0.0012089
0.0011905
0.0012362
0.0011792
0.0011857
0.001583
0.0018917
0.0023075
0.0013559
0.002205
0.0021499
0.002174
0.0022681
0.0019809
0.0023666
0.0021548
0.0023413
0.0021664
0.0024318
0.0023927
0.0026402
0.0012638
0.0013167
0.0024843
0.002447
0.0024444
0.0024612
0.0024468
0.002519
0.0021012
0.0021573
0.0021947
0.0021764
0.0012052
0.0012694
0.0011897
0.0011891
0.0011603
0.0012139
0.0011766
0.0011536
0.0011329
0.0011342
0.0011487
0.0013001
0.0013808
0.001145
0.0011371
0.0011739
0.0012964
0.0011134
0.00234
0.0022375
0.0019653
0.002019

0.002491
0.0025154
0.0020318
0.001193
0.0026788
0.0011334
0.001159
0.002117
0.0023835
0.0020225
0.0020291
0.0020887
0.0024652
0.0023227
0.0011792
0.0012756
0.0013409
0.0011744
0.0011475
0.0011657
0.0011412
0.0011513
0.0011727
0.0011184
0.0011577
0.0011412
0.0011131
0.0011558
0.0011355
0.0020763
0.0022794
0.0022311
0.0020452
0.001989

0.0020892
0.0021733
0.0021004
0.0021168
0.0012358
0.0013153
0.002086
0.0023239
0.002107
0.0021177
0.0021647
0.0021711
0.0021799
0.0021687
0.0012026
0.0012441
0.002463
0.0012088
0.0012289
0.0012509
0.0017194
0.0022012
0.0021959
0.0012827
0.0019709
0.0012255
0.0012179
0.0011904
0.0012261
0.0011799
0.0020072
0.0011874
0.001994
0.0011784
0.0011826
0.002086
0.0012545
0.0021869
0.0023831
0.0020578
0.0020891
0.0020782
0.0021582
0.001958
0.0024066
0.0021864
0.0021823
0.0012885
0.0024206
0.0025081
0.0024302
0.002541
0.0022217
0.002296
0.0012685
0.0014022
0.00232
0.0026408
0.0024481
0.0025105
0.0022661
0.0022709
0.0022687
0.0013109
0.0013459
0.0012592
0.0012173
0.0012079
0.0012088
0.0024975
0.0026984
0.0021945
0.0021923
0.0021946
0.0021847
0.0012459
0.0012967
0.0011673
0.0011817
0.001163

0.0011697
0.001206
0.0011733
0.001185
0.0011607
0.0011827
0.0011843
0.0011813
0.0013423
0.0011824
0.0012057
0.0011919
0.0013847
0.0022439
0.0023705
0.0020869
0.0021803
0.0019254
0.0022183
0.0022499
0.0026661
0.0020064
0.0022325
0.0021088
0.002424
0.0011769
0.0012012
0.0013211
0.0012405
0.0013264
0.0022583
0.0021052
0.0023811
0.002515
0.0024026
0.0024236
0.0022559
0.0023995
0.0024011
0.0025322
0.0011787
0.0011866
0.0012151
0.0011478
0.0011385
0.0013026
0.0011625
0.0014473
0.0011564
0.0011805
0.0011427
0.0011313
0.001146
0.0011382
0.001095
0.0010996
0.001107
0.0010992
0.0021099
0.0022803
0.0019578
0.0022101
0.0022578
0.0020832
0.0020447
0.0020584
0.0012874
0.0011695
0.0012388
0.0011823
0.0011324
0.0023906
0.0020949
0.0020552
0.0020007
0.002104

0.0021342
0.0011946
0.0012056
0.0011612
0.0011832
0.0020878
0.0021311
0.0011922
0.00114
0.0011378
0.0011311
0.0011248
0.001143
0.0011314
0.0011375
0.0011342
0.0011478
0.0011622
0.0022624
0.00251
0.0020054
0.0019712
0.0021205
0.0025874
0.0021029
0.0011473
0.0011356
0.0011435
0.0011511
0.0019964
0.0011302
0.0020483
0.0023386
0.0023684
0.002422
0.0023725
0.0024214
0.0021136
0.0023411
0.0021591
0.0022772
0.0020327
0.0023928
0.0012457
0.0013768
0.0011361
0.0011994
0.001316
0.001453
0.0011355
0.0011511
0.0023693
0.0011811
0.0012799
0.0011431
0.0011867
0.0011293
0.0019074
0.0010969
0.0012412
0.0020552
0.0023796
0.0020191
0.0019872
0.0024592
0.0024722
0.0013615
0.001228
0.002202
0.0024513
0.0024876
0.0023439
0.0025256
0.0021916
0.0023673
0.0022582
0.0022298
0.0022682
0.0013106
0.0013606
0.0012595
0.0013497
0.0013335
0.0014254
0.0012929
0.0013251
0.001233
0.0012375
0.0012437
0.001247
0.0012152
0.001332
0.0015864
0.0012343
0.001201
0.0016321
0.0016633
0.0017907
0.0011647
0.0011799
0.0012025
0.0014591
0.0011695
0.0012073
0.0018954
0.0020033
0.0011829
0.0012045
0.0011418
0.0019804
0.0020361
0.0022338
0.0020393
0.0021056
0.002197

0.0021123
0.002174
0.0012265
0.0013387
0.0011905
0.0011848
0.0012198
0.0012705
0.0011581
0.0011775
0.0012021
0.0011886
0.0011717
0.0011363
0.001126
0.0011521
0.0011496
0.0011359
0.001144
0.0011514
0.0011229
0.0011473
0.0011335
0.001107

0.0010901
0.0011062
0.0012096
0.001062
0.0014377
0.001115
0.0021949
0.0019953
0.0018925
0.0020921
0.0018872
0.0021512
0.0020733
0.002194
0.0021099
0.0020916
0.0020285
0.0026086
0.0011383
0.0011681
0.001146
0.0011814
0.0010925
0.0011312
0.0010946
0.0011335
0.0011315
0.0013034
0.001093
0.0011558
0.0011462
0.0011954
0.0010888
0.0011401
0.0010609
0.0011245
0.0010942
0.0010672
0.0011068
0.0011243
0.0012149
0.0010463
0.0010774
0.0010364
0.001095
0.0011345
0.0011675
0.0010175
0.0010535
0.0010828
0.0010187
0.0020743
0.0021751
0.0019308
0.002022

0.0019577
0.0020257
0.0020339
0.0020447
0.0013771
0.0014687
0.0011509
0.0011606
0.001141

0.0011543
0.0012175
0.001146
0.0011535
0.0011327
0.0011534
0.0011558
0.0011424
0.0011844
0.0011196
0.0022178
0.0011029
0.0011104
0.0011014
0.0011273
0.0011087
0.0010866
0.0010743
0.001084
0.0010849
0.0010647
0.001078
0.0010616
0.0010744
0.0010619
0.0011037
0.0020095
0.0021037
0.0019245
0.0022616
0.0021042
0.0023486
0.0021215
0.0011785
0.0021454
0.0024134
0.0021063
0.0020635
0.0025718
0.0020819
0.0020621
0.0012237
0.0012435
0.001267
0.0013736
0.0013337
0.001381
0.0012749
0.0013132
0.0019222
0.0021212
0.001197
0.0023937
0.0012093
0.0022162
0.0015305
0.0018958
0.001155
0.0012073
0.0012429
0.0011838
0.0011914
0.001189
0.0023708
0.0023582
0.0020895
0.0022061
0.0021698
0.0024433
0.0024373
0.0021451
0.0012466
0.0012303
0.0022707
0.0024311
0.0021835
0.0017561
0.0018451
0.0022222
0.0022584
0.0016849
0.0017253
0.0012633
0.0013857
0.001534
0.0018213
0.001321
0.0014105
0.0012545
0.0013256
0.0015496
0.00152
0.0021955
0.0012135
0.0012192
0.0021784
0.0011804
0.0012229
0.0012391
0.0011983
0.0022
0.0024094
0.0020871
0.0020752
0.002129
0.0020959
0.0020936
0.0012092
0.0018237
0.0011551
0.002371
0.002468
0.0021258
0.0024058
0.002399
0.002101

0.0021043
0.0021225
0.001161

0.0012016
0.0011766
0.0011967
0.0011903
0.0011926
0.0011233
0.0011547
0.0011849
0.0012707
0.0011345
0.0011521
0.0011379
0.0013768
0.0020038
0.0011369
0.0012863
0.0021184
0.0024229
0.0019526
0.0019317
0.0020296
0.0020319
0.002037

0.0020315
0.0020488
0.0011348
0.0011699
0.0022002
0.0026179
0.002027

0.0022851
0.0020239
0.0021209
0.0021166
0.0011783
0.0012342
0.0011883
0.0011701
0.0011862
0.0011275
0.00115
0.0011678
0.0011667
0.0011568
0.0012192
0.0011567
0.0011515
0.0011263
0.0011299
0.0012673
0.0012831
0.0012086
0.0011606
0.0021143
0.0025136
0.001862
0.0024464
0.0022692
0.0024334
0.0022119
0.002222
0.0025101
0.0013224
0.0015958
0.0010756
0.0019083
0.0020137
0.0018885
0.0023757
0.0020082
0.0021656
0.0011199
0.0011184
0.0012516
0.0014423
0.0021677
0.0021409
0.0020364
0.002004
0.0021752
0.0020191
0.0021227
0.0019897
0.0025169
0.0014906
0.0017334
0.0011652
0.0012026
0.0011714
0.0012257
0.0012679
0.001309
0.0021839
0.0026225
0.001873
0.0024035
0.0025138
0.0023299
0.0025569
0.0023886
0.0026552
0.0011721
0.0025268
0.0011979
0.001192
0.0011892
0.0011828
0.0012426
0.0011471
0.0011382
0.0011631
0.0011764
0.0011966
0.0011736
0.0020262
0.0020703
0.0021347
0.0022523
0.002176
0.0022137
0.0023364
0.0023692
0.0020845
0.0023359
0.0024648
0.0022018
0.0012486
0.0012368
0.0021619
0.0014834
0.0020481
0.0027411
0.0021233
0.002356
0.0022382
0.0022877
0.0022117
0.0021806
0.00122
0.0013593
0.0012464
0.0013974
0.0013117
0.001387
0.0012694
0.0012892
0.0012413
0.0012323
0.0013406
0.0012378
0.0012518
0.0011597
0.001358
0.0012497
0.0012862
0.0011906
0.0011949
0.0021971
0.0023652
0.0020589
0.0022334
0.002085
0.0024653
0.0023209
0.0024434
0.0024928
0.0012402
0.0012501
0.0014258
0.0012498
0.0013306
0.0019893
0.0012354
0.002414
0.0023695
0.0023404
0.0026267
0.0023646
0.0024965
0.0026607
0.002513
0.0027682
0.0011745
0.001178
0.0011928
0.0011879
0.0011801
0.0011781
0.001164

0.0011543
0.0013283
0.0011311
0.0013027
0.0011483
0.0011244
0.0011662
0.0011833
0.0011366
0.001198
0.0025136
0.0023466
0.002231

0.0020443
0.0023086
0.0023007
0.0023174
0.0023201
0.002492
0.0011547
0.0011492
0.0011653
0.001156

0.0011348
0.0017439
0.0022012
0.0018885
0.0020544
0.0022694
0.0022063
0.0022675
0.0024127
0.0025594
0.0023342
0.0025722
0.0011699
0.0012566
0.0021047
0.0011441
0.0011296
0.0011627
0.0011196
0.0011254
0.0011741
0.0011345
0.0011584
0.001142
0.0011509
0.0010944
0.0010858
0.0011289
0.0011876
0.0011098
0.0022351
0.0019277
0.0021786
0.0023455
0.0024316
0.0023823
0.0012074
0.0011827
0.0024841
0.0023852
0.0022524
0.0022638
0.0020856
0.0020759
0.0021648
0.0021838
0.0021739
0.001231

0.0012066
0.0012551
0.0012924
0.0012114
0.0011651
0.0011899
0.0011952
0.0013265
0.0013459
0.0011879
0.0011996
0.0012223
0.0011773
0.0011584
0.0014047
0.00112
0.0011484
0.0011692
0.0012598
0.0011378
0.001154
0.0011936
0.0014737
0.0011356
0.0011244
0.001146

0.0012173
0.0012822
0.0022879
0.001969
0.0021021
0.0021361
0.0020048
0.0022257
0.001863
0.0022677
0.0019852
0.0022988
0.0023628
0.0026571
0.002108
0.0025863
0.0011745
0.001205
0.001187
0.001252
0.0014295
0.0011285
0.0011487
0.0020321
0.0020241
0.0011525
0.0012597
0.001185
0.0013614
0.0011776
0.0011886
0.0011464
0.0011553
0.0011844
0.0013145
0.00115

0.0012223
0.001325
0.0012987
0.0017152
0.0010993
0.0011326
0.0011465
0.0011268
0.0012828
0.0019296
0.0013517
0.001902
0.0020306
0.0020015
0.0017938
0.0021375
0.0022722
0.0021295
0.0022966
0.0019895
0.0022495
0.0024332
0.0025346
0.0021263
0.0023497
0.0012523
0.0013452
0.0017084
0.001869
0.0012315
0.0013867
0.0013761
0.0015352
0.0011992
0.0013263
0.0013005
0.0013273
0.0011863
0.0012004
0.0019118
0.0011734
0.0011967
0.0020923
0.0011732
0.0018285
0.0013143
0.0015619
0.0011625
0.0011925
0.0012094
0.0012083
0.0013738
0.0012162
0.0016191
0.0011509
0.0011408
0.00211
0.0023365
0.0023252
0.0022441
0.0021044
0.0023664
0.0024926
0.0021904
0.0021648
0.0021701
0.0021802
0.0012265
0.0011692
0.0011906
0.0011832
0.0011954
0.0011742
0.0011743
0.0011588
0.0011521
0.0011961
0.0011697
0.001147
0.0011371
0.001339
0.0011758
0.0011491
0.0011652
0.0011389
0.0011483
0.0012042
0.0010861
0.0010927
0.0011134
0.0010751
0.0010679
0.0010547
0.0010815
0.0010513
0.0010412
0.0031412
0.0030309
0.0028799
0.0025278
0.0024795
0.0018336
0.0029886
0.0026524
0.0014286
0.0013703
0.0013977
0.0018744
0.0013265
0.0013261
0.0015769
0.0013266
0.0017393
0.0013114
0.001543
0.0015076
0.0012781
0.0014149
0.0014047
0.0023131
0.0022768
0.0025122
0.0024937
0.0023855
0.0024851
0.001236
0.0013588
0.001518
0.0012465
0.0020499
0.0012534
0.0015683
0.0021917
0.0012526
0.0012274
0.0023473
0.0012751
0.0012505
0.0020266
0.0024315
0.0011953
0.0012477
0.0011704
0.0011997
0.0025558
0.0024623
0.0023533
0.0024714
0.0026786
0.0026881
0.0011844
0.0012795
0.0012405
0.0011942
0.0011575
0.0022749
0.0012045
0.0011492
0.0011522
0.0012028
0.0022751
0.0023286
0.001201
0.0011611
0.0011511
0.0020754
0.0011671
0.0011644
0.0022536
0.0022258
0.0020623
0.0019876
0.0018364
0.0019057
0.001186
0.0013787
0.0019018
0.0018613
0.0015558
0.0012799
0.001187
0.0018191
0.0012019
0.0011965
0.0011823
0.0012948
0.0011591
0.0011627
0.0011515
0.0011459
0.0011427
0.0012858
0.002185
0.002589
0.0023637
0.00207
0.0025126
0.0017358
0.0011586
0.0011189
0.0013364
0.0011466
0.0011287
0.001152
0.0012286
0.0011438
0.0012751
0.0013095
0.0011415
0.0010932
0.0012645
0.001208
0.00124
0.0012377
0.0011168
0.0011997
0.0023609
0.0023137
0.0024057
0.0021134
0.0024968
0.0024742
0.0019329
0.0011183
0.0010984
0.0011104
0.0010956
0.0010901
0.001118
0.0011008
0.0011068
0.0011073
0.0011545
0.0011018
0.0010901
0.0010734
0.0010695
0.0010677
0.0010606
0.0011046
0.0021501
0.0022624
0.0022626
0.0024486
0.0025089
0.0010889
0.0011001
0.0011554
0.0011033
0.0010595
0.0010745
0.0014738
0.0010661
0.0010493
0.0010658
0.0010736
0.0010606
0.0010682
0.0011519
0.0011433
0.0010293
0.0010376
0.0010328
0.0010356
0.0023849
0.0020075
0.0021402
0.0021443
0.0021533
0.0016541
0.0011078
0.0010245
0.0009983
0.0010263
0.0011649
0.0010089
0.0009949
0.0009602
0.0009806
0.0009794
0.0010186
0.0009885
0.0009668
0.0009865
0.0009699
0.0009833
0.0010878
0.0009904
0.0029917
0.0022409
0.0023099
0.0019309
0.0022672
0.0017024
0.0010663
0.0010418
0.0010689
0.0010258
0.0011247
0.0011348
0.0010587
0.0011188
0.0011757
0.001036
0.0010248
0.0010808
0.0010437
0.0011022
0.0010552
0.0011139
0.0010499
0.0010623
0.0023846
0.0023997
0.0021287
0.0022939
0.0024232
0.002494
0.0011107
0.001107
0.0011148
0.0011017
0.0011277
0.0013057
0.0011116
0.0011122
0.0011081
0.0011076
0.0011054
0.0010736
0.0011127
0.0010781
0.0010697
0.0010679
0.0010732
0.001106
0.0019921
0.0021088
0.0022025
0.0022932
0.0027771
0.0024512
0.0010843
0.001111
0.0011062
0.0010946
0.0010638
0.0010744
0.0010714
0.0010886
0.0010614
0.0011252
0.0010323
0.0010377
0.0010212
0.0011032
0.0010315
0.0010546
0.001037
0.001031
0.0023649
0.0023788
0.0021759
0.0023428
0.0022514
0.0026854
0.0011019
0.0011277
0.0010977
0.0010657
0.0010823
0.0010578
0.0012344
0.0010492
0.0010756
0.0010644
0.0010783
0.0010319
0.0010166
0.0010358
0.0010231
0.001045
0.0010329
0.0010515
0.0021011
0.0022809
0.0022703
0.0023602
0.0023995
0.0015801
0.0012392
0.0011675
0.0011737
0.0011326
0.001277
0.0011243
0.001123
0.0011049
0.0022221
0.0011524
0.0011964
0.001107
0.0012172
0.0010907
0.0010901
0.001097
0.0011602
0.0010526
0.0020685
0.0021221
0.0022086
0.0019538
0.0020156
0.0011379
0.001137
0.0011196
0.0011666
0.001142
0.0011349
0.0012252
0.0011434
0.0011388
0.0022948
0.0012292
0.001175
0.0010992
0.001138
0.0011891
0.0017999
0.0012472
0.0016209
0.001093
0.0021408
0.0024279
0.002399
0.0024206
0.0025359
0.0024952
0.001236
0.001224
0.001178
0.0011668
0.0012075
0.0011641
0.0011783
0.0012171
0.001199
0.0013112
0.0011296
0.0013376
0.0012836
0.001148
0.0011342
0.0011028
0.001109
0.0010912
0.0021268
0.0021592
0.0022511
0.0024105
0.0021641
0.001413
0.0019385
0.0012557
0.0011761
0.0011386
0.0014923
0.0011402
0.0011242
0.0011313
0.0021817
0.0011865
0.0011263
0.0011604
0.0010868
0.0012884
0.0011129
0.0010996
0.0010749
0.001066
0.0022184
0.0024493
0.0021011
0.0024908
0.00255
0.0011952
0.0013394
0.001343
0.0012382
0.0011986
0.0011772
0.0011913
0.0011528
0.0011338
0.0011531
0.001129
0.0011438
0.0011564
0.0010931
0.0010945
0.0011008
0.001092
0.001057
0.0010679
0.0020466
0.0024309
0.0023959
0.0019321
0.0025884
0.0010963
0.0011005
0.0010893
0.0011106
0.0010957
0.0010997
0.0010931
0.0010743
0.0010646
0.0020085
0.0011118
0.0010953
0.0010848
0.0011142
0.0010969
0.0013499
0.0010527
0.0010565
0.0017756
0.0020403
0.0021816
0.0021355
0.0023173
0.0026898
0.0021412
0.0013344
0.0011706
0.0011161
0.0011157
0.0012497
0.0011879
0.0016919
0.0022919
0.0011935
0.0023206
0.002379
0.0025253
0.0015879
0.0021564
0.002956
0.0024923
0.0025857
0.0019416
0.0024587
0.0024416
0.0024857
0.0025216
0.0025873
0.0029812
0.0013964
0.0013399
0.0012389
0.0012322
0.0012057
0.00126
0.0013306
0.0011674
0.0011644
0.0011491
0.0012958
0.0012006
0.0019795
0.0012385
0.0011527
0.0012534
0.001191
0.0011356
0.0026648
0.0023019
0.0024137
0.0024975
0.0024558
0.0024459
0.0012827
0.0011651
0.0011884
0.0011846
0.0011233
0.0011567
0.0011269
0.0011209
0.0012827
0.0011125
0.0010963
0.0011157
0.0011871
0.001129
0.0010857
0.0010667
0.0010622
0.0010655
0.0019884
0.0024129
0.0024094
0.0018957
0.0024686
0.0024225
0.0011423
0.0011357
0.0011465
0.0010976
0.0011685
0.0012648
0.0011113
0.0012337
0.0010557
0.0012209
0.0011028
0.0010589
0.0011859
0.0014268
0.0010755
0.001066
0.0010229
0.0011934
0.0023827
0.0023608
0.0021894
0.0022024
0.0021967
0.0017775
0.0011104
0.0024367
0.001114
0.0010989
0.001208
0.0011842
0.0010567
0.0010555
0.0012045
0.0010742
0.0010577
0.0010171
0.0010598
0.0010271
0.0010344
0.0010225
0.0010321
0.0011377
0.0023456
0.0021467
0.0019425
0.0024169
0.0021576
0.0025807
0.0011316
0.0011143
0.0022218
0.0012104
0.0010972
0.0011106
0.0011898
0.0012344
0.0010661
0.001081
0.0010627
0.0010782
0.0010642
0.001081
0.0010776
0.0010645
0.001502
0.0010707
0.0022411
0.0025412
0.002361
0.0026167
0.0030059
0.0013841
0.0012246
0.0011936
0.0012427
0.001194
0.0011977
0.0021011
0.001211
0.0011644
0.0011848
0.0012233
0.0012429
0.0012631
0.0011262
0.0011398
0.0011356
0.0011463
0.0010877
0.0010986
0.0025326
0.0020903
0.002495
0.001868
0.002846
0.0011359
0.0011567
0.001146
0.0023076
0.0011524
0.0013397
0.0012314
0.001239
0.0012337
0.0011046
0.0010984
0.0010895
0.001068
0.0010659
0.0010887
0.0010766
0.0011021
0.0010406
0.0010401
0.0020726
0.0021317
0.002187
0.0022898
0.0024636
0.00243
0.0010975
0.0010939
0.001102
0.0010636
0.0011867
0.0010784
0.0010749
0.001103
0.0010627
0.0010558
0.0010372
0.0010256
0.0010252
0.001028
0.0010373
0.0010295
0.0010726
0.0010251
0.0019102
0.0022003
0.0021743
0.0022883
0.0025042
0.0023634
0.0010728
0.0012137
0.0010982
0.0010365
0.0010391
0.0010395
0.0010448
0.0010822
0.0010275
0.0010423
0.0010106
0.0010219
0.0010276
0.0010075
0.0010133
0.0010061
0.0010195
0.0010032
0.0021784
0.0023621
0.002275
0.0022496
0.0022383
0.0011349
0.0012173
0.0011383
0.0011535
0.0011489
0.0011884
0.0010967
0.0011743
0.0011012
0.0011979
0.0011932
0.0010575
0.0010748
0.0010811
0.0010519
0.0010282
0.00103
0.0021352
0.0022373
0.001995
0.0023023
0.0022723
0.0022772
0.0022837
0.0012534
0.0011719
0.001204
0.0012185
0.0022968
0.0011525
0.0011443
0.0011713
0.0011709
0.0011301
0.0013881
0.0011748
0.0011564
0.0024335
0.0011594
0.0012007
0.0011449
0.0011633
0.0016831
0.0022388
0.0023531
0.002001
0.0020154
0.0023288
0.0011953
0.0012865
0.0011949
0.0011885
0.0011978
0.0012382
0.0011418
0.0011394
0.0011479
0.0011435
0.0010993
0.0010975
0.0011984
0.0010947
0.0011016
0.0010626
0.0010854
0.0010603
0.0010725
0.0019485
0.0022666
0.0022166
0.0025009
0.00224
0.0013868
0.001244
0.0010977
0.0011099
0.0011022
0.0011069
0.0010797
0.0010713
0.0010855
0.0011072
0.0010702
0.0010849
0.0010937
0.0010343
0.0010343
0.0011244
0.0011006
0.0010576
0.0010209
0.0024155
0.002379
0.0022626
0.0023894
0.0023692
0.0020426
0.0012106
0.0012041
0.0011839
0.0011592
0.0011302
0.0011522
0.0012122
0.0011206
0.0011223
0.001083
0.001089
0.0011306
0.0010977
0.0010566
0.0010774
0.0010577
0.0010591
0.0010699
0.0019132
0.0020586
0.0021675
0.0021646
0.0023892
0.0025469
0.0010949
0.0011991
0.0010937
0.001083
0.0010947
0.0011738
0.0011192
0.0010872
0.001079
0.0010908
0.0011218
0.0012426
0.0010803
0.00103
0.0010248
0.001144
0.0011683
0.0011248
0.0019646
0.0021422
0.0023666
0.0023467
0.0026994
0.0011096
0.0010998
0.0010889
0.0011247
0.0010947
0.0013934
0.0021817
0.0011341
0.0011791
0.0017941
0.0017483
0.0011079
0.0018297
0.0021773
0.0011014
0.0022103
0.0022303
0.0023079
0.0011895
0.0018398
0.0022185
0.0022999
0.0020657
0.0020193
0.0020184
0.0018552
0.0012215
0.0012548
0.0012898
0.0025349
0.0014668
0.0014038
0.0016287
0.0012072
0.001238
0.0012534
0.0015117
0.0011956
0.0011921
0.0013112
0.0011624
0.0011821
0.0013312
0.0022561
0.0022796
0.0024646
0.0029997
0.0026145
0.0012466
0.0012703
0.0012311
0.0011703
0.0012371
0.0011761
0.0011885
0.0011676
0.0011966
0.0011814
0.0011787
0.0011932
0.001188
0.0011025
0.0010786
0.0010696
0.0011143
0.001063
0.0010727
0.0022916
0.0021842
0.0021904
0.002131
0.0023562
0.0025135
0.0011236
0.0011296
0.0010876
0.0012084
0.0011161
0.0010967
0.001415
0.001091
0.0012568
0.0011031
0.0011155
0.0010668
0.0011136
0.001082
0.0010719
0.0011842
0.0010665
0.001027
0.0024011
0.0019991
0.0021364
0.0026959
0.0024335
0.0025203
0.0010964
0.0010951
0.0011257
0.0011468
0.0010868
0.0011721
0.0010874
0.0010809
0.0010949
0.00107
0.0010703
0.0011481
0.0010421
0.0010462
0.0010349
0.0010218
0.0010301
0.0010518
0.00228
0.0023019
0.0020276
0.0022896
0.0020989
0.0015651
0.001039
0.0010361
0.0010138
0.0010365
0.0010264
0.0010052
0.0010238
0.0010411
0.0010434
0.0009893
0.0010092
0.0009938
0.0009922
0.0010139
0.001008
0.0010202
0.0010089
0.0010207
0.0024018
0.0025731
0.0023181
0.0022993
0.0024955
0.0011985
0.0012208
0.001297
0.001347
0.0012729
0.0011943
0.0014835
0.0011766
0.0011939
0.0012066
0.0014963
0.0011993
0.0011878
0.0011587
0.0011552
0.001143
0.0011419
0.0011401
0.0011486
0.0022719
0.0022654
0.0024172
0.0022721
0.0025285
0.0026074
0.0012225
0.0011371
0.0011381
0.0011385
0.0011778
0.001147
0.0013723
0.0013493
0.0010871
0.0011029
0.0010966
0.0011046
0.0012238
0.0010772
0.001068
0.0010626
0.0010614
0.0010668
0.0019804
0.0020144
0.0023924
0.0026899
0.0024382
0.0024779
0.0011022
0.0011142
0.0011012
0.0011055
0.001116
0.0010949
0.0010697
0.0010596
0.0012191
0.0010816
0.0010738
0.0010974
0.0010508
0.0011171
0.0010313
0.0010432
0.0010593
0.001036
0.001983
0.0022804
0.0019672
0.00213
0.0022072
0.0025434
0.001081
0.0010772
0.0014241
0.0010893
0.0010915
0.0012658
0.0010764
0.0010548
0.0010654
0.0010287
0.0010236
0.0010276
0.0010378
0.0010272
0.0010119
0.0010056
0.0009961
0.0009945
0.0020368
0.0022742
0.0022881
0.0023525
0.0023736
0.0025613
0.0011525
0.0011272
0.0011727
0.0011227
0.0011406
0.0012963
0.0011022
0.0010957
0.0011173
0.001109
0.0011144
0.0010644
0.0010706
0.0010772
0.0010649
0.0010657
0.0010522
0.0010362
0.002072
0.0021647
0.0021987
0.0022098
0.0023068
0.0023425
0.0023075
0.0011379
0.0011365
0.001127
0.0023168
0.0011771
0.0011379
0.0011332
0.0011518
0.0011552
0.0012041
0.0011685
0.0013368
0.0011416
0.0011499
0.0020387
0.0011605
0.0011429
0.0021393
0.0023328
0.0023057
0.0023239
0.0026973
0.001169
0.0012696
0.001392
0.0013239
0.00117
0.001175
0.0011773
0.0011867
0.001153
0.001145
0.0011544
0.0011412
0.0011101
0.0010955
0.0011048
0.0011062
0.0011628
0.0010665
0.0010837
0.0019128
0.0023718
0.0022627
0.0023912
0.0027258
0.0024821
0.0011496
0.0011322
0.0011151
0.001084
0.0011018
0.0010888
0.0010928
0.0010513
0.0010699
0.0010642
0.0010442
0.001066
0.0010672
0.001076
0.0010274
0.0010217
0.0010399
0.0010378
