R1 [3](10,0,0)
R2 [3](0,0,0)
r1 [3](10,0,0)
r2 [3](0,0,0)
R1 [3](10,0,0)
R2 [3](0,0,0)
r1 [3](10,0,0)
r2 [3](0,0,0)
R1 [3](10,0,0)
R2 [3](0,0,0)
r1 [3](10,0,0)
r2 [3](0,0,0)
R1 [3](10,0,0)
R2 [3](0,0,0)
r1 [3](10,0,0)
r2 [3](0,0,0)
ResidualBasedBlockBuilderAndSolver: Build time: 0.182547
ResidualBasedBlockBuilderAndSolver: System solve time: 0.000316871
 MESH MOVED
***************************************************
******* ATTENTION: max iterations exceeded ********
***************************************************
R1 [3](10,0,0)
R2 [3](0,0,0)
r1 [3](10,0,67.0215)
r2 [3](0,0,930.568)
R1 [3](10,0,0)
R2 [3](0,0,0)
r1 [3](10,0,275.556)
r2 [3](0,0,669.991)
R1 [3](10,0,0)
R2 [3](0,0,0)
r1 [3](10,0,445.547)
r2 [3](0,0,330.009)
R1 [3](10,0,0)
R2 [3](0,0,0)
r1 [3](10,0,497.59)
r2 [3](0,0,69.4318)






[2,4]((-2.59787,2.2102,0.373204,0.0144623),(5.58341,-10.7502,4.75023,0.416591))
Node.Coordinate [3](0,0,0)
Node.Coordinate [3](3.33333,0,0)
Node.Coordinate [3](6.66667,0,0)
Node.Coordinate [3](10,0,0)
R1 [3](10,0,0)
R2 [3](-9.76996e-15,0,0)
r1 [3](10,0,0)
r2 [3](-9.76996e-15,0,0)
[2,4]((-1.34666,0.0200426,0.999901,0.326719),(4.01994,-6.05983,0.0598294,1.98006))
Node.Coordinate [3](0,0,0)
Node.Coordinate [3](3.33333,0,0)
Node.Coordinate [3](6.66667,0,0)
Node.Coordinate [3](10,0,0)
R1 [3](10,0,0)
R2 [3](7.10543e-15,0,0)
r1 [3](10,0,0)
r2 [3](7.10543e-15,0,0)
[2,4]((-0.326719,-0.999901,-0.0200426,1.34666),(1.98006,0.0598294,-6.05983,4.01994))
Node.Coordinate [3](0,0,0)
Node.Coordinate [3](3.33333,0,0)
Node.Coordinate [3](6.66667,0,0)
Node.Coordinate [3](10,0,0)
R1 [3](10,0,0)
R2 [3](2.13163e-14,0,0)
r1 [3](10,0,0)
r2 [3](2.13163e-14,0,0)
[2,4]((-0.0144623,-0.373204,-2.2102,2.59787),(0.416591,4.75023,-10.7502,5.58341))
Node.Coordinate [3](0,0,0)
Node.Coordinate [3](3.33333,0,0)
Node.Coordinate [3](6.66667,0,0)
Node.Coordinate [3](10,0,0)
R1 [3](10,0,0)
R2 [3](3.55271e-14,0,0)
r1 [3](10,0,0)
r2 [3](3.55271e-14,0,0)
ResidualBasedBlockBuilderAndSolver: Build time: 0.205799
ResidualBasedBlockBuilderAndSolver: System solve time: 0.000168391
 MESH MOVED
***************************************************
******* ATTENTION: max iterations exceeded ********
***************************************************
[2,4]((-2.59787,2.2102,0.373204,0.0144623),(5.58341,-10.7502,4.75023,0.416591))
Node.Coordinate [3](0,0,0)
Node.Coordinate [3](3.33333,0,0)
Node.Coordinate [3](6.66667,0,166.667)
Node.Coordinate [3](10,0,333.333)
R1 [3](10,0,0)
R2 [3](-9.76996e-15,0,0)
r1 [3](10,0,67.0215)
r2 [3](-9.76996e-15,0,930.568)
[2,4]((-1.34666,0.0200426,0.999901,0.326719),(4.01994,-6.05983,0.0598294,1.98006))
Node.Coordinate [3](0,0,0)
Node.Coordinate [3](3.33333,0,0)
Node.Coordinate [3](6.66667,0,166.667)
Node.Coordinate [3](10,0,333.333)
R1 [3](10,0,0)
R2 [3](7.10543e-15,0,0)
r1 [3](10,0,275.556)
r2 [3](7.10543e-15,0,669.991)
[2,4]((-0.326719,-0.999901,-0.0200426,1.34666),(1.98006,0.0598294,-6.05983,4.01994))
Node.Coordinate [3](0,0,0)
Node.Coordinate [3](3.33333,0,0)
Node.Coordinate [3](6.66667,0,166.667)
Node.Coordinate [3](10,0,333.333)
R1 [3](10,0,0)
R2 [3](2.13163e-14,0,0)
r1 [3](10,0,445.547)
r2 [3](2.13163e-14,0,330.009)
[2,4]((-0.0144623,-0.373204,-2.2102,2.59787),(0.416591,4.75023,-10.7502,5.58341))
Node.Coordinate [3](0,0,0)
Node.Coordinate [3](3.33333,0,0)
Node.Coordinate [3](6.66667,0,166.667)
Node.Coordinate [3](10,0,333.333)
R1 [3](10,0,0)
R2 [3](3.55271e-14,0,0)
r1 [3](10,0,497.59)
r2 [3](3.55271e-14,0,69.4318)







lhs [16,16]((11.7382,0,0,0,-9.98661,0,0,0,-1.68629,0,0,0,-0.0653468,0,0,0),(0,2.71105,0,0,0,-5.21982,0,0,0,2.30649,0,0,0,0.202277,0,0),(0,0,0.542209,0,0,0,-1.04396,0,0,0,0.461298,0,0,0,0.0404555,0),(0,0,0,11.7382,0,0,0,-9.98661,0,0,0,-1.68629,0,0,0,-0.0653468),(-9.98661,0,0,0,8.49636,0,0,0,1.43465,0,0,0,0.0555955,0,0,0),(0,-5.21982,0,0,0,10.0502,0,0,0,-4.44089,0,0,0,-0.389462,0,0),(0,0,-1.04396,0,0,0,2.01003,0,0,0,-0.888178,0,0,0,-0.0778925,0),(0,0,0,-9.98661,0,0,0,8.49636,0,0,0,1.43465,0,0,0,0.0555955),(-1.68629,0,0,0,1.43465,0,0,0,0.242248,0,0,0,0.00938757,0,0,0),(0,2.30649,0,0,0,-4.44089,0,0,0,1.96231,0,0,0,0.172093,0,0),(0,0,0.461298,0,0,0,-0.888178,0,0,0,0.392461,0,0,0,0.0344185,0),(0,0,0,-1.68629,0,0,0,1.43465,0,0,0,0.242248,0,0,0,0.00938757),(-0.0653468,0,0,0,0.0555955,0,0,0,0.00938757,0,0,0,0.000363785,0,0,0),(0,0.202277,0,0,0,-0.389462,0,0,0,0.172093,0,0,0,0.0150924,0,0),(0,0,0.0404555,0,0,0,-0.0778925,0,0,0,0.0344185,0,0,0,0.00301848,0),(0,0,0,-0.0653468,0,0,0,0.0555955,0,0,0,0.00938757,0,0,0,0.000363785))
rhs [16](-0,-0,-0,-0,-0,-0,-0,-0,-0,-0,-0,-0,-0,-0,-0,-0)
lhs [16,16]((5.91332,0,0,0,-0.0880088,0,0,0,-4.39066,0,0,0,-1.43465,0,0,0),(0,2.63466,0,0,0,-3.97159,0,0,0,0.039212,0,0,0,1.29772,0,0),(0,0,0.526931,0,0,0,-0.794318,0,0,0,0.0078424,0,0,0,0.259545,0),(0,0,0,5.91332,0,0,0,-0.0880088,0,0,0,-4.39066,0,0,0,-1.43465),(-0.0880088,0,0,0,0.00130985,0,0,0,0.0653468,0,0,0,0.0213522,0,0,0),(0,-3.97159,0,0,0,5.98694,0,0,0,-0.0591098,0,0,0,-1.95624,0,0),(0,0,-0.794318,0,0,0,1.19739,0,0,0,-0.011822,0,0,0,-0.391248,0),(0,0,0,-0.0880088,0,0,0,0.00130985,0,0,0,0.0653468,0,0,0,0.0213522),(-4.39066,0,0,0,0.0653468,0,0,0,3.26008,0,0,0,1.06523,0,0,0),(0,0.039212,0,0,0,-0.0591098,0,0,0,0.000583598,0,0,0,0.0193142,0,0),(0,0,0.0078424,0,0,0,-0.011822,0,0,0,0.00011672,0,0,0,0.00386284,0),(0,0,0,-4.39066,0,0,0,0.0653468,0,0,0,3.26008,0,0,0,1.06523),(-1.43465,0,0,0,0.0213522,0,0,0,1.06523,0,0,0,0.348067,0,0,0),(0,1.29772,0,0,0,-1.95624,0,0,0,0.0193142,0,0,0,0.639204,0,0),(0,0,0.259545,0,0,0,-0.391248,0,0,0,0.00386284,0,0,0,0.127841,0),(0,0,0,-1.43465,0,0,0,0.0213522,0,0,0,1.06523,0,0,0,0.348067))
rhs [16](-0,-0,-0,-0,-0,-0,-0,-0,-0,-0,-0,-0,-0,-0,-0,-0)
lhs [16,16]((0.348067,0,0,0,1.06523,0,0,0,0.0213522,0,0,0,-1.43465,0,0,0),(0,0.639204,0,0,0,0.0193142,0,0,0,-1.95624,0,0,0,1.29772,0,0),(0,0,0.127841,0,0,0,0.00386284,0,0,0,-0.391248,0,0,0,0.259545,0),(0,0,0,0.348067,0,0,0,1.06523,0,0,0,0.0213522,0,0,0,-1.43465),(1.06523,0,0,0,3.26008,0,0,0,0.0653468,0,0,0,-4.39066,0,0,0),(0,0.0193142,0,0,0,0.000583598,0,0,0,-0.0591098,0,0,0,0.039212,0,0),(0,0,0.00386284,0,0,0,0.00011672,0,0,0,-0.011822,0,0,0,0.0078424,0),(0,0,0,1.06523,0,0,0,3.26008,0,0,0,0.0653468,0,0,0,-4.39066),(0.0213522,0,0,0,0.0653468,0,0,0,0.00130985,0,0,0,-0.0880088,0,0,0),(0,-1.95624,0,0,0,-0.0591098,0,0,0,5.98694,0,0,0,-3.97159,0,0),(0,0,-0.391248,0,0,0,-0.011822,0,0,0,1.19739,0,0,0,-0.794318,0),(0,0,0,0.0213522,0,0,0,0.0653468,0,0,0,0.00130985,0,0,0,-0.0880088),(-1.43465,0,0,0,-4.39066,0,0,0,-0.0880088,0,0,0,5.91332,0,0,0),(0,1.29772,0,0,0,0.039212,0,0,0,-3.97159,0,0,0,2.63466,0,0),(0,0,0.259545,0,0,0,0.0078424,0,0,0,-0.794318,0,0,0,0.526931,0),(0,0,0,-1.43465,0,0,0,-4.39066,0,0,0,-0.0880088,0,0,0,5.91332))
rhs [16](-0,-0,-0,-0,-0,-0,-0,-0,-0,-0,-0,-0,-0,-0,-0,-0)
lhs [16,16]((0.000363785,0,0,0,0.00938757,0,0,0,0.0555955,0,0,0,-0.0653468,0,0,0),(0,0.0150924,0,0,0,0.172093,0,0,0,-0.389462,0,0,0,0.202277,0,0),(0,0,0.00301848,0,0,0,0.0344185,0,0,0,-0.0778925,0,0,0,0.0404555,0),(0,0,0,0.000363785,0,0,0,0.00938757,0,0,0,0.0555955,0,0,0,-0.0653468),(0.00938757,0,0,0,0.242248,0,0,0,1.43465,0,0,0,-1.68629,0,0,0),(0,0.172093,0,0,0,1.96231,0,0,0,-4.44089,0,0,0,2.30649,0,0),(0,0,0.0344185,0,0,0,0.392461,0,0,0,-0.888178,0,0,0,0.461298,0),(0,0,0,0.00938757,0,0,0,0.242248,0,0,0,1.43465,0,0,0,-1.68629),(0.0555955,0,0,0,1.43465,0,0,0,8.49636,0,0,0,-9.98661,0,0,0),(0,-0.389462,0,0,0,-4.44089,0,0,0,10.0502,0,0,0,-5.21982,0,0),(0,0,-0.0778925,0,0,0,-0.888178,0,0,0,2.01003,0,0,0,-1.04396,0),(0,0,0,0.0555955,0,0,0,1.43465,0,0,0,8.49636,0,0,0,-9.98661),(-0.0653468,0,0,0,-1.68629,0,0,0,-9.98661,0,0,0,11.7382,0,0,0),(0,0.202277,0,0,0,2.30649,0,0,0,-5.21982,0,0,0,2.71105,0,0),(0,0,0.0404555,0,0,0,0.461298,0,0,0,-1.04396,0,0,0,0.542209,0),(0,0,0,-0.0653468,0,0,0,-1.68629,0,0,0,-9.98661,0,0,0,11.7382))
rhs [16](-0,-0,-0,-0,-0,-0,-0,-0,-0,-0,-0,-0,-0,-0,-0,-0)
ResidualBasedBlockBuilderAndSolver: Build time: 0.170778
ResidualBasedBlockBuilderAndSolver: System solve time: 0.000167253
 MESH MOVED
RESIDUAL CRITERION:  :: [ Obtained ratio = 1; Expected ratio = 1e-07; Absolute norm = 0.05; Expected norm =  1e-07]
***************************************************
******* ATTENTION: max iterations exceeded ********
***************************************************
lhs [16,16]((11.7389,0,0.376131,0,-9.98774,0,-0.300356,0,-1.68581,0,-0.0722145,0,-0.0653042,0,-0.00355978,0),(0,2.7393,0,1.50737,0,-5.25565,0,0.676002,0,2.31335,0,0.0757015,0,0.203,0,0.00251107),(0.376131,0,0.562552,0,-0.301616,0,-1.06488,0,-0.0710486,0,0.461713,0,-0.00346577,0,0.0406113,0),(0,1.50737,0,12.957,0,-3.18842,0,-9.71382,0,1.54722,0,-1.66594,0,0.133818,0,-0.0648406),(-9.98774,0,-0.301616,0,8.49855,0,0.218934,0,1.43368,0,0.0781921,0,0.0555102,0,0.00449,0),(0,-5.25565,0,-3.18842,0,10.0909,0,-1.05053,0,-4.44519,0,-0.103515,0,-0.390025,0,-0.00319956),(-0.300356,0,-1.06488,0,0.218934,0,2.03019,0,0.0770191,0,-0.887363,0,0.00440301,0,-0.0779526,0),(0,0.676002,0,-9.71382,0,-1.05053,0,8.55743,0,0.342818,0,1.43921,0,0.0317075,0,0.0557088),(-1.68581,0,-0.0710486,0,1.43368,0,0.0770191,0,0.242698,0,-0.0051295,0,0.00942677,0,-0.000841,0),(0,2.31335,0,1.54722,0,-4.44519,0,0.342818,0,1.9599,0,0.0253167,0,0.17194,0,0.000623136),(-0.0722145,0,0.461713,0,0.0781921,0,-0.887363,0,-0.0051295,0,0.391321,0,-0.000848014,0,0.0343291,0),(0,0.0757015,0,-1.66594,0,-0.103515,0,1.43921,0,0.0253167,0,0.242588,0,0.00249665,0,0.00939602),(-0.0653042,0,-0.00346577,0,0.0555102,0,0.00440301,0,0.00942677,0,-0.000848014,0,0.000367202,0,-8.92234e-05,0),(0,0.203,0,0.133818,0,-0.390025,0,0.0317075,0,0.17194,0,0.00249665,0,0.0150844,0,6.53485e-05),(-0.00355978,0,0.0406113,0,0.00449,0,-0.0779526,0,-0.000841,0,0.0343291,0,-8.92234e-05,0,0.0030122,0),(0,0.00251107,0,-0.0648406,0,-0.00319956,0,0.0557088,0,0.000623136,0,0.00939602,0,6.53485e-05,0,0.000363996))
rhs [16](0.0406043,-0,-0.453755,-0,-0.0507982,-0,0.871053,-0,0.00920722,-0,-0.383636,-0,0.000986631,-0,-0.0336616,-0)
lhs [16,16]((5.92384,0,0.741877,0,-0.102922,0,0.0969288,0,-4.39098,0,-0.605634,0,-1.42994,0,-0.233171,0),(0,2.68362,0,0.440243,0,-4.00894,0,0.975253,0,0.0214373,0,0.640311,0,1.30388,0,0.13139),(0.741877,0,0.645837,0,0.0960627,0,-0.793265,0,-0.605195,0,-0.0818775,0,-0.232745,0,0.229306,0),(0,0.440243,0,6.0754,0,-0.801974,0,0.151497,0,0.0767485,0,-4.27269,0,0.284983,0,-1.41528),(-0.102922,0,0.0960627,0,0.0236195,0,-0.161756,0,0.0652116,0,0.0100295,0,0.0140908,0,0.055664,0),(0,-4.00894,0,-0.801974,0,5.99346,0,-1.45699,0,-0.0344045,0,-0.851597,0,-1.95012,0,-0.161812),(0.0969288,0,-0.793265,0,-0.161756,0,1.17546,0,0.00937981,0,-0.00148586,0,0.0554475,0,-0.380712,0),(0,0.975253,0,0.151497,0,-1.45699,0,0.355222,0,0.00784482,0,0.239669,0,0.473895,0,0.0499735),(-4.39098,0,-0.605195,0,0.0652116,0,0.00937981,0,3.26039,0,0.44917,0,1.06538,0,0.146645,0),(0,0.0214373,0,0.0767485,0,-0.0344045,0,0.00784482,0,0.00137913,0,-0.0481327,0,0.0115881,0,-0.0164399),(-0.605634,0,-0.0818775,0,0.0100295,0,-0.00148586,0,0.44917,0,0.0621667,0,0.146435,0,0.0211967,0),(0,0.640311,0,-4.27269,0,-0.851597,0,0.239669,0,-0.0481327,0,3.34594,0,0.259419,0,1.07933),(-1.42994,0,-0.232745,0,0.0140908,0,0.0554475,0,1.06538,0,0.146435,0,0.350464,0,0.0308621,0),(0,1.30388,0,0.284983,0,-1.95012,0,0.473895,0,0.0115881,0,0.259419,0,0.634648,0,0.0468616),(-0.233171,0,0.229306,0,0.055664,0,-0.380712,0,0.146645,0,0.0211967,0,0.0308621,0,0.130209,0),(0,0.13139,0,-1.41528,0,-0.161812,0,0.0499735,0,-0.0164399,0,1.07933,0,0.0468616,0,0.350381))
rhs [16](0.477051,-0,-0.380045,-0,-0.0957172,-0,0.648843,-0,-0.309243,-0,-0.0441951,-0,-0.0720899,-0,-0.224603,-0)
lhs [16,16]((0.354253,0,0.0501229,0,1.06577,0,0.236096,0,0.002775,0,0.0882723,0,-1.4228,0,-0.374492,0),(0,0.644899,0,-0.00672208,0,0.0260527,0,0.0361026,0,-1.9669,0,0.229713,0,1.29595,0,0.261309),(0.0501229,0,0.140582,0,0.235996,0,0.0590171,0,0.0881688,0,-0.373816,0,-0.374288,0,0.174217,0),(0,-0.00672208,0,0.348612,0,-0.00842848,0,1.06855,0,0.0120985,0,0.0280933,0,0.00305201,0,-1.43009),(1.06577,0,0.235996,0,3.2609,0,0.726202,0,0.0645429,0,0.0185495,0,-4.39121,0,-0.980748,0),(0,0.0260527,0,-0.00842848,0,0.00203143,0,-0.0235816,0,-0.0784507,0,0.00846966,0,0.0503666,0,0.0438628),(0.236096,0,0.0590171,0,0.726202,0,0.162874,0,0.0182389,0,-0.0146598,0,-0.980538,0,-0.207231,0),(0,0.0361026,0,1.06855,0,-0.0235816,0,3.2803,0,-0.135908,0,0.106405,0,0.123387,0,-4.36287),(0.002775,0,0.0881688,0,0.0645429,0,0.0182389,0,0.057914,0,-0.253789,0,-0.125232,0,0.147382,0),(0,-1.9669,0,0.0120985,0,-0.0784507,0,-0.135908,0,5.99998,0,-0.701446,0,-3.95463,0,-0.762664),(0.0882723,0,-0.373816,0,0.0185495,0,-0.0146598,0,-0.253789,0,1.14057,0,0.146967,0,-0.752097,0),(0,0.229713,0,0.0280933,0,0.00846966,0,0.106405,0,-0.701446,0,0.0846669,0,0.463263,0,-0.0315979),(-1.4228,0,-0.374288,0,-4.39121,0,-0.980538,0,-0.125232,0,0.146967,0,5.93924,0,1.20786,0),(0,1.29595,0,0.00305201,0,0.0503666,0,0.123387,0,-3.95463,0,0.463263,0,2.60831,0,0.457493),(-0.374492,0,0.174217,0,-0.980748,0,-0.207231,0,0.147382,0,-0.752097,0,1.20786,0,0.785111,0),(0,0.261309,0,-1.43009,0,0.0438628,0,-4.36287,0,-0.762664,0,-0.0315979,0,0.457493,0,5.9515))
rhs [16](0.287095,-0,-0.0431925,-0,0.810119,-0,0.17537,-0,-0.0529741,-0,0.314201,-0,-1.04424,-0,-0.446379,-0)
lhs [16,16]((0.000539931,0,-0.000617068,0,0.0113983,0,-0.00573504,0,0.0510775,0,0.0320611,0,-0.0630158,0,-0.025709,0),(0,0.0151399,0,-0.000121126,0,0.172671,0,-0.00306695,0,-0.390245,0,-0.0169368,0,0.202434,0,0.0323071),(-0.000617068,0,0.00286678,0,-0.00573554,0,0.0330264,0,0.032055,0,-0.0697906,0,-0.0257024,0,0.0338974,0),(0,-0.000121126,0,0.000363787,0,-0.00138983,0,0.00938761,0,0.00301796,0,0.055596,0,-0.001507,0,-0.0653441),(0.0113983,0,-0.00573554,0,0.265225,0,-0.0317892,0,1.38337,0,0.56487,0,-1.65999,0,-0.527345,0),(0,0.172671,0,-0.00138983,0,1.96933,0,-0.0351952,0,-4.45044,0,-0.194448,0,2.30844,0,0.369967),(-0.00573504,0,0.0330264,0,-0.0317892,0,0.385131,0,0.564787,0,-0.746284,0,-0.527263,0,0.328127,0),(0,-0.00306695,0,0.00938761,0,-0.0351952,0,0.24225,0,0.0763652,0,1.43468,0,-0.038103,0,-1.68618),(0.0510775,0,0.032055,0,1.38337,0,0.564787,0,8.61583,0,1.64437,0,-10.0503,0,-2.24121,0),(0,-0.390245,0,0.00301796,0,-4.45044,0,0.0763652,0,10.0625,0,0.420637,0,-5.22184,0,-0.814074),(0.0320611,0,-0.0697906,0,0.56487,0,-0.746284,0,1.64437,0,2.41502,0,-2.2413,0,-1.59895,0),(0,-0.0169368,0,0.055596,0,-0.194448,0,1.43468,0,0.420637,0,8.49668,0,-0.209252,0,-9.98518),(-0.0630158,0,-0.0257024,0,-1.65999,0,-0.527263,0,-10.0503,0,-2.2413,0,11.7733,0,2.79427,0),(0,0.202434,0,-0.001507,0,2.30844,0,-0.038103,0,-5.22184,0,-0.209252,0,2.71096,0,0.411799),(-0.025709,0,0.0338974,0,-0.527345,0,0.328127,0,-2.24121,0,-1.59895,0,2.79427,0,1.23692,0),(0,0.0323071,0,-0.0653441,0,0.369967,0,-1.68618,0,-0.814074,0,-9.98518,0,0.411799,0,11.7446))
rhs [16](0.00837452,-0,-0.000432572,-0,0.207618,-0,0.0229539,-0,1.17456,-0,0.357026,-0,-1.39055,-0,-0.379548,-0)
BuilderAndSolver: Clear Function called
Pole Nr. 4:
Verschiebung in Z: 1.6666666666666676


solver step:  2
Setup Dofs Time: 0.000101831
Setup System Time: 7.965e-06
System Matrix Resize Time: 0.0003584
System Construction Time: 0.00190919
 MESH MOVED
lhs [16,16]((11.7389,0,0.376131,0,-9.98774,0,-0.300356,0,-1.68581,0,-0.0722145,0,-0.0653042,0,-0.00355978,0),(0,2.7393,0,1.50737,0,-5.25565,0,0.676002,0,2.31335,0,0.0757015,0,0.203,0,0.00251107),(0.376131,0,0.562552,0,-0.301616,0,-1.06488,0,-0.0710486,0,0.461713,0,-0.00346577,0,0.0406113,0),(0,1.50737,0,12.957,0,-3.18842,0,-9.71382,0,1.54722,0,-1.66594,0,0.133818,0,-0.0648406),(-9.98774,0,-0.301616,0,8.49855,0,0.218934,0,1.43368,0,0.0781921,0,0.0555102,0,0.00449,0),(0,-5.25565,0,-3.18842,0,10.0909,0,-1.05053,0,-4.44519,0,-0.103515,0,-0.390025,0,-0.00319956),(-0.300356,0,-1.06488,0,0.218934,0,2.03019,0,0.0770191,0,-0.887363,0,0.00440301,0,-0.0779526,0),(0,0.676002,0,-9.71382,0,-1.05053,0,8.55743,0,0.342818,0,1.43921,0,0.0317075,0,0.0557088),(-1.68581,0,-0.0710486,0,1.43368,0,0.0770191,0,0.242698,0,-0.0051295,0,0.00942677,0,-0.000841,0),(0,2.31335,0,1.54722,0,-4.44519,0,0.342818,0,1.9599,0,0.0253167,0,0.17194,0,0.000623136),(-0.0722145,0,0.461713,0,0.0781921,0,-0.887363,0,-0.0051295,0,0.391321,0,-0.000848014,0,0.0343291,0),(0,0.0757015,0,-1.66594,0,-0.103515,0,1.43921,0,0.0253167,0,0.242588,0,0.00249665,0,0.00939602),(-0.0653042,0,-0.00346577,0,0.0555102,0,0.00440301,0,0.00942677,0,-0.000848014,0,0.000367202,0,-8.92234e-05,0),(0,0.203,0,0.133818,0,-0.390025,0,0.0317075,0,0.17194,0,0.00249665,0,0.0150844,0,6.53485e-05),(-0.00355978,0,0.0406113,0,0.00449,0,-0.0779526,0,-0.000841,0,0.0343291,0,-8.92234e-05,0,0.0030122,0),(0,0.00251107,0,-0.0648406,0,-0.00319956,0,0.0557088,0,0.000623136,0,0.00939602,0,6.53485e-05,0,0.000363996))
rhs [16](0.0406043,-0,-0.453755,-0,-0.0507982,-0,0.871053,-0,0.00920722,-0,-0.383636,-0,0.000986631,-0,-0.0336616,-0)
lhs [16,16]((5.92384,0,0.741877,0,-0.102922,0,0.0969288,0,-4.39098,0,-0.605634,0,-1.42994,0,-0.233171,0),(0,2.68362,0,0.440243,0,-4.00894,0,0.975253,0,0.0214373,0,0.640311,0,1.30388,0,0.13139),(0.741877,0,0.645837,0,0.0960627,0,-0.793265,0,-0.605195,0,-0.0818775,0,-0.232745,0,0.229306,0),(0,0.440243,0,6.0754,0,-0.801974,0,0.151497,0,0.0767485,0,-4.27269,0,0.284983,0,-1.41528),(-0.102922,0,0.0960627,0,0.0236195,0,-0.161756,0,0.0652116,0,0.0100295,0,0.0140908,0,0.055664,0),(0,-4.00894,0,-0.801974,0,5.99346,0,-1.45699,0,-0.0344045,0,-0.851597,0,-1.95012,0,-0.161812),(0.0969288,0,-0.793265,0,-0.161756,0,1.17546,0,0.00937981,0,-0.00148586,0,0.0554475,0,-0.380712,0),(0,0.975253,0,0.151497,0,-1.45699,0,0.355222,0,0.00784482,0,0.239669,0,0.473895,0,0.0499735),(-4.39098,0,-0.605195,0,0.0652116,0,0.00937981,0,3.26039,0,0.44917,0,1.06538,0,0.146645,0),(0,0.0214373,0,0.0767485,0,-0.0344045,0,0.00784482,0,0.00137913,0,-0.0481327,0,0.0115881,0,-0.0164399),(-0.605634,0,-0.0818775,0,0.0100295,0,-0.00148586,0,0.44917,0,0.0621667,0,0.146435,0,0.0211967,0),(0,0.640311,0,-4.27269,0,-0.851597,0,0.239669,0,-0.0481327,0,3.34594,0,0.259419,0,1.07933),(-1.42994,0,-0.232745,0,0.0140908,0,0.0554475,0,1.06538,0,0.146435,0,0.350464,0,0.0308621,0),(0,1.30388,0,0.284983,0,-1.95012,0,0.473895,0,0.0115881,0,0.259419,0,0.634648,0,0.0468616),(-0.233171,0,0.229306,0,0.055664,0,-0.380712,0,0.146645,0,0.0211967,0,0.0308621,0,0.130209,0),(0,0.13139,0,-1.41528,0,-0.161812,0,0.0499735,0,-0.0164399,0,1.07933,0,0.0468616,0,0.350381))
rhs [16](0.477051,-0,-0.380045,-0,-0.0957172,-0,0.648843,-0,-0.309243,-0,-0.0441951,-0,-0.0720899,-0,-0.224603,-0)
lhs [16,16]((0.354253,0,0.0501229,0,1.06577,0,0.236096,0,0.002775,0,0.0882723,0,-1.4228,0,-0.374492,0),(0,0.644899,0,-0.00672208,0,0.0260527,0,0.0361026,0,-1.9669,0,0.229713,0,1.29595,0,0.261309),(0.0501229,0,0.140582,0,0.235996,0,0.0590171,0,0.0881688,0,-0.373816,0,-0.374288,0,0.174217,0),(0,-0.00672208,0,0.348612,0,-0.00842848,0,1.06855,0,0.0120985,0,0.0280933,0,0.00305201,0,-1.43009),(1.06577,0,0.235996,0,3.2609,0,0.726202,0,0.0645429,0,0.0185495,0,-4.39121,0,-0.980748,0),(0,0.0260527,0,-0.00842848,0,0.00203143,0,-0.0235816,0,-0.0784507,0,0.00846966,0,0.0503666,0,0.0438628),(0.236096,0,0.0590171,0,0.726202,0,0.162874,0,0.0182389,0,-0.0146598,0,-0.980538,0,-0.207231,0),(0,0.0361026,0,1.06855,0,-0.0235816,0,3.2803,0,-0.135908,0,0.106405,0,0.123387,0,-4.36287),(0.002775,0,0.0881688,0,0.0645429,0,0.0182389,0,0.057914,0,-0.253789,0,-0.125232,0,0.147382,0),(0,-1.9669,0,0.0120985,0,-0.0784507,0,-0.135908,0,5.99998,0,-0.701446,0,-3.95463,0,-0.762664),(0.0882723,0,-0.373816,0,0.0185495,0,-0.0146598,0,-0.253789,0,1.14057,0,0.146967,0,-0.752097,0),(0,0.229713,0,0.0280933,0,0.00846966,0,0.106405,0,-0.701446,0,0.0846669,0,0.463263,0,-0.0315979),(-1.4228,0,-0.374288,0,-4.39121,0,-0.980538,0,-0.125232,0,0.146967,0,5.93924,0,1.20786,0),(0,1.29595,0,0.00305201,0,0.0503666,0,0.123387,0,-3.95463,0,0.463263,0,2.60831,0,0.457493),(-0.374492,0,0.174217,0,-0.980748,0,-0.207231,0,0.147382,0,-0.752097,0,1.20786,0,0.785111,0),(0,0.261309,0,-1.43009,0,0.0438628,0,-4.36287,0,-0.762664,0,-0.0315979,0,0.457493,0,5.9515))
rhs [16](0.287095,-0,-0.0431925,-0,0.810119,-0,0.17537,-0,-0.0529741,-0,0.314201,-0,-1.04424,-0,-0.446379,-0)
lhs [16,16]((0.000539931,0,-0.000617068,0,0.0113983,0,-0.00573504,0,0.0510775,0,0.0320611,0,-0.0630158,0,-0.025709,0),(0,0.0151399,0,-0.000121126,0,0.172671,0,-0.00306695,0,-0.390245,0,-0.0169368,0,0.202434,0,0.0323071),(-0.000617068,0,0.00286678,0,-0.00573554,0,0.0330264,0,0.032055,0,-0.0697906,0,-0.0257024,0,0.0338974,0),(0,-0.000121126,0,0.000363787,0,-0.00138983,0,0.00938761,0,0.00301796,0,0.055596,0,-0.001507,0,-0.0653441),(0.0113983,0,-0.00573554,0,0.265225,0,-0.0317892,0,1.38337,0,0.56487,0,-1.65999,0,-0.527345,0),(0,0.172671,0,-0.00138983,0,1.96933,0,-0.0351952,0,-4.45044,0,-0.194448,0,2.30844,0,0.369967),(-0.00573504,0,0.0330264,0,-0.0317892,0,0.385131,0,0.564787,0,-0.746284,0,-0.527263,0,0.328127,0),(0,-0.00306695,0,0.00938761,0,-0.0351952,0,0.24225,0,0.0763652,0,1.43468,0,-0.038103,0,-1.68618),(0.0510775,0,0.032055,0,1.38337,0,0.564787,0,8.61583,0,1.64437,0,-10.0503,0,-2.24121,0),(0,-0.390245,0,0.00301796,0,-4.45044,0,0.0763652,0,10.0625,0,0.420637,0,-5.22184,0,-0.814074),(0.0320611,0,-0.0697906,0,0.56487,0,-0.746284,0,1.64437,0,2.41502,0,-2.2413,0,-1.59895,0),(0,-0.0169368,0,0.055596,0,-0.194448,0,1.43468,0,0.420637,0,8.49668,0,-0.209252,0,-9.98518),(-0.0630158,0,-0.0257024,0,-1.65999,0,-0.527263,0,-10.0503,0,-2.2413,0,11.7733,0,2.79427,0),(0,0.202434,0,-0.001507,0,2.30844,0,-0.038103,0,-5.22184,0,-0.209252,0,2.71096,0,0.411799),(-0.025709,0,0.0338974,0,-0.527345,0,0.328127,0,-2.24121,0,-1.59895,0,2.79427,0,1.23692,0),(0,0.0323071,0,-0.0653441,0,0.369967,0,-1.68618,0,-0.814074,0,-9.98518,0,0.411799,0,11.7446))
rhs [16](0.00837452,-0,-0.000432572,-0,0.207618,-0,0.0229539,-0,1.17456,-0,0.357026,-0,-1.39055,-0,-0.379548,-0)
ResidualBasedBlockBuilderAndSolver: Build time: 0.171704
ResidualBasedBlockBuilderAndSolver: System solve time: 7.22489e-05
 MESH MOVED
RESIDUAL CRITERION:  :: [ Obtained ratio = 1; Expected ratio = 1e-07; Absolute norm = 0.278923; Expected norm =  1e-07]
***************************************************
******* ATTENTION: max iterations exceeded ********
***************************************************
lhs [16,16]((11.6748,0,0.741618,0,-9.93493,0,-0.593563,0,-1.67503,0,-0.141137,0,-0.0648211,0,-0.00691813,0),(0,2.52401,0,2.82978,0,-4.94475,0,1.3025,0,2.22607,0,0.147104,0,0.194668,0,0.00490021),(0.741618,0,0.561257,0,-0.596065,0,-1.04198,0,-0.138821,0,0.441729,0,-0.00673145,0,0.0389922,0),(0,2.82978,0,16.5329,0,-6.18823,0,-8.9134,0,3.09212,0,-1.60621,0,0.266336,0,-0.0633553),(-9.93493,0,-0.596065,0,8.4571,0,0.434019,0,1.42288,0,0.153274,0,0.054957,0,0.00877234,0),(0,-4.94475,0,-6.18823,0,9.7182,0,-2.05083,0,-4.38976,0,-0.202685,0,-0.383685,0,-0.0062762),(-0.593563,0,-1.04198,0,0.434019,0,1.99013,0,0.150944,0,-0.871611,0,0.00859958,0,-0.0765448,0),(0,1.3025,0,-8.9134,0,-2.05083,0,8.73659,0,0.685249,0,1.45258,0,0.063086,0,0.0560412),(-1.67503,0,-0.138821,0,1.42288,0,0.150944,0,0.242666,0,-0.0104457,0,0.00948897,0,-0.00167735,0),(0,2.22607,0,3.09212,0,-4.38976,0,0.685249,0,1.98986,0,0.0506145,0,0.17383,0,0.00124605),(-0.141137,0,0.441729,0,0.153274,0,-0.871611,0,-0.0104457,0,0.395349,0,-0.00169128,0,0.0345336,0),(0,0.147104,0,-1.60621,0,-0.202685,0,1.45258,0,0.0506145,0,0.243586,0,0.00496592,0,0.00942083),(-0.0648211,0,-0.00673145,0,0.054957,0,0.00859958,0,0.00948897,0,-0.00169128,0,0.000375124,0,-0.00017686,0),(0,0.194668,0,0.266336,0,-0.383685,0,0.063086,0,0.17383,0,0.00496592,0,0.0151867,0,0.000129946),(-0.00691813,0,0.0389922,0,0.00877234,0,-0.0765448,0,-0.00167735,0,0.0345336,0,-0.00017686,0,0.00301895,0),(0,0.00490021,0,-0.0633553,0,-0.0062762,0,0.0560412,0,0.00124605,0,0.00942083,0,0.000129946,0,0.000364613))
rhs [16](0.0304838,-0,-0.871186,-0,-0.089548,-0,1.70162,-0,0.0544876,-0,-0.763622,-0,0.00457662,-0,-0.0668104,-0)
lhs [16,16]((5.57562,0,1.40712,0,-0.141051,0,0.18825,0,-4.11045,0,-1.15094,0,-1.32412,0,-0.444426,0),(0,2.63545,0,0.853914,0,-3.97443,0,1.91369,0,0.0400566,0,1.26369,0,1.29892,0,0.260199),(1.40712,0,0.946869,0,0.186519,0,-0.761468,0,-1.15006,0,-0.323804,0,-0.443573,0,0.138403,0),(0,0.853914,0,6.55467,0,-1.59087,0,0.859692,0,0.166792,0,-3.92386,0,0.570167,0,-1.35801),(-0.141051,0,0.186519,0,0.0882483,0,-0.310584,0,0.0610156,0,0.017704,0,-0.00821236,0,0.106362,0),(0,-3.97443,0,-1.59087,0,6.00895,0,-2.89791,0,-0.0681468,0,-1.69688,0,-1.96637,0,-0.32285),(0.18825,0,-0.761468,0,-0.310584,0,1.11103,0,0.0164057,0,0.00735899,0,0.105929,0,-0.356924,0),(0,1.91369,0,0.859692,0,-2.89791,0,1.4017,0,0.0351487,0,0.755122,0,0.949075,0,0.134604),(-4.11045,0,-1.15006,0,0.0610156,0,0.0164057,0,3.0521,0,0.854287,0,0.99733,0,0.279371,0),(0,0.0400566,0,0.166792,0,-0.0681468,0,0.0351487,0,0.00453591,0,-0.0867728,0,0.0235544,0,-0.0313363),(-1.15094,0,-0.323804,0,0.017704,0,0.00735899,0,0.854287,0,0.239136,0,0.278952,0,0.0773082,0),(0,1.26369,0,-3.92386,0,-1.69688,0,0.755122,0,-0.0867728,0,3.59983,0,0.519959,0,1.12102),(-1.32412,0,-0.443573,0,-0.00821236,0,0.105929,0,0.99733,0,0.278952,0,0.335002,0,0.0586925,0),(0,1.29892,0,0.570167,0,-1.96637,0,0.949075,0,0.0235544,0,0.519959,0,0.643894,0,0.0939871),(-0.444426,0,0.138403,0,0.106362,0,-0.356924,0,0.279371,0,0.0773082,0,0.0586925,0,0.141213,0),(0,0.260199,0,-1.35801,0,-0.32285,0,0.134604,0,-0.0313363,0,1.12102,0,0.0939871,0,0.357225))
rhs [16](0.440767,-0,-0.796858,-0,-0.354677,-0,1.25557,-0,-0.150621,-0,-0.0394412,-0,0.064532,-0,-0.419271,-0)
lhs [16,16]((0.326401,0,0.0917883,0,0.92916,0,0.430569,0,-0.0518523,0,0.15981,0,-1.20371,0,-0.682167,0),(0,0.641856,0,-0.0134366,0,0.0147212,0,0.072292,0,-1.96917,0,0.459684,0,1.31259,0,0.522848),(0.0917883,0,0.172794,0,0.430367,0,0.20823,0,0.159602,0,-0.319682,0,-0.681758,0,-0.0613421,0),(0,-0.0134366,0,0.35028,0,-0.0172422,0,1.07871,0,0.0237767,0,0.0487157,0,0.00690198,0,-1.41614),(0.92916,0,0.430367,0,2.84014,0,1.3252,0,0.0534059,0,0.0347337,0,-3.82271,0,-1.7903,0),(0,0.0147212,0,-0.0172422,0,0.00213282,0,-0.0506708,0,-0.0433144,0,0.00745976,0,0.0264603,0,0.0797146),(0.430569,0,0.20823,0,1.3252,0,0.619946,0,0.0341111,0,-0.00507677,0,-1.78988,0,-0.823099,0),(0,0.072292,0,1.07871,0,-0.0506708,0,3.34217,0,-0.275697,0,0.232008,0,0.254076,0,-4.27787),(-0.0518523,0,0.159602,0,0.0534059,0,0.0341111,0,0.215324,0,-0.458278,0,-0.216878,0,0.264565,0),(0,-1.96917,0,0.0237767,0,-0.0433144,0,-0.275697,0,6.04319,0,-1.41346,0,-4.0307,0,-1.53429),(0.15981,0,-0.319682,0,0.0347337,0,-0.00507677,0,-0.458278,0,0.983086,0,0.263734,0,-0.658327,0),(0,0.459684,0,0.0487157,0,0.00745976,0,0.232008,0,-1.41346,0,0.339669,0,0.946312,0,0.140972),(-1.20371,0,-0.681758,0,-3.82271,0,-1.78988,0,-0.216878,0,0.263734,0,5.24329,0,2.2079,0),(0,1.31259,0,0.00690198,0,0.0264603,0,0.254076,0,-4.0307,0,0.946312,0,2.69165,0,0.931731),(-0.682167,0,-0.0613421,0,-1.7903,0,-0.823099,0,0.264565,0,-0.658327,0,2.2079,0,1.54277,0),(0,0.522848,0,-1.41614,0,0.0797146,0,-4.27787,0,-1.53429,0,0.140972,0,0.931731,0,6.06828))
rhs [16](0.390743,-0,-0.0505784,-0,0.927311,-0,0.420455,-0,-0.252675,-0,0.589526,-0,-1.06538,-0,-0.959402,-0)
lhs [16,16]((0.000963542,0,-0.00108633,0,0.0153133,0,-0.0100511,0,0.0287943,0,0.0570045,0,-0.0450711,0,-0.0458671,0),(0,0.0151997,0,-0.000243904,0,0.17282,0,-0.00614507,0,-0.398382,0,-0.0332827,0,0.210362,0,0.0705634),(-0.00108633,0,0.00243181,0,-0.0100524,0,0.028901,0,0.0569889,0,-0.048217,0,-0.0458502,0,0.0168842,0),(0,-0.000243904,0,0.000363793,0,-0.00279538,0,0.00938785,0,0.00611735,0,0.0555993,0,-0.00307806,0,-0.0653296),(0.0153133,0,-0.0100524,0,0.286486,0,-0.0547793,0,0.992376,0,1.00163,0,-1.29418,0,-0.936794,0),(0,0.17282,0,-0.00279538,0,1.96499,0,-0.0704425,0,-4.52928,0,-0.381821,0,2.39148,0,0.806262),(-0.0100511,0,0.028901,0,-0.0547793,0,0.360576,0,1.00142,0,-0.360953,0,-0.936585,0,-0.0285242,0),(0,-0.00614507,0,0.00938785,0,-0.0704425,0,0.24226,0,0.153954,0,1.43481,0,-0.0773666,0,-1.6856),(0.0287943,0,0.0569889,0,0.992376,0,1.00142,0,7.49287,0,2.89005,0,-8.51404,0,-3.94846,0),(0,-0.398382,0,0.00611735,0,-4.52928,0,0.153954,0,10.4454,0,0.830197,0,-5.51772,0,-1.80038),(0.0570045,0,-0.048217,0,1.00163,0,-0.360953,0,2.89005,0,3.58645,0,-3.94868,0,-3.17728,0),(0,-0.0332827,0,0.0555993,0,-0.381821,0,1.43481,0,0.830197,0,8.49844,0,-0.415094,0,-9.97736),(-0.0450711,0,-0.0458502,0,-1.29418,0,-0.936585,0,-8.51404,0,-3.94868,0,9.85328,0,4.93112,0),(0,0.210362,0,-0.00307806,0,2.39148,0,-0.0773666,0,-5.51772,0,-0.415094,0,2.91588,0,0.923559),(-0.0458671,0,0.0168842,0,-0.936794,0,-0.0285242,0,-3.94846,0,-3.17728,0,4.93112,0,3.18892,0),(0,0.0705634,0,-0.0653296,0,0.806262,0,-1.6856,0,-1.80038,0,-9.97736,0,0.923559,0,11.7796))
rhs [16](0.0100315,-0,-0.00168634,-0,0.216941,-0,0.0354115,-0,1.01308,-0,0.721196,-0,-1.24006,-0,-0.754922,-0)
BuilderAndSolver: Clear Function called


shape_derivateivs [2,4]((-2.59787,2.2102,0.373204,0.0144623),(5.58341,-10.7502,4.75023,0.416591))
[3](0,0,0)
[3](3.33333,0,0)
[3](6.66667,0,0)
[3](10,0,0)
shape_derivateivs [2,4]((-1.34666,0.0200426,0.999901,0.326719),(4.01994,-6.05983,0.0598294,1.98006))
[3](0,0,0)
[3](3.33333,0,0)
[3](6.66667,0,0)
[3](10,0,0)
shape_derivateivs [2,4]((-0.326719,-0.999901,-0.0200426,1.34666),(1.98006,0.0598294,-6.05983,4.01994))
[3](0,0,0)
[3](3.33333,0,0)
[3](6.66667,0,0)
[3](10,0,0)
shape_derivateivs [2,4]((-0.0144623,-0.373204,-2.2102,2.59787),(0.416591,4.75023,-10.7502,5.58341))
[3](0,0,0)
[3](3.33333,0,0)
[3](6.66667,0,0)
[3](10,0,0)
ResidualBasedBlockBuilderAndSolver: Build time: 0.16337
ResidualBasedBlockBuilderAndSolver: System solve time: 0.000168391
 MESH MOVED
RESIDUAL CRITERION:  :: [ Obtained ratio = 1; Expected ratio = 1e-07; Absolute norm = 0.05; Expected norm =  1e-07]
***************************************************
******* ATTENTION: max iterations exceeded ********
***************************************************
shape_derivateivs [2,4]((-2.59787,2.2102,0.373204,0.0144623),(5.58341,-10.7502,4.75023,0.416591))
[3](0,0,0)
[3](3.33333,0,0)
[3](6.66667,0,0.833333)
[3](10,0,1.66667)
shape_derivateivs [2,4]((-1.34666,0.0200426,0.999901,0.326719),(4.01994,-6.05983,0.0598294,1.98006))
[3](0,0,0)
[3](3.33333,0,0)
[3](6.66667,0,0.833333)
[3](10,0,1.66667)
shape_derivateivs [2,4]((-0.326719,-0.999901,-0.0200426,1.34666),(1.98006,0.0598294,-6.05983,4.01994))
[3](0,0,0)
[3](3.33333,0,0)
[3](6.66667,0,0.833333)
[3](10,0,1.66667)
shape_derivateivs [2,4]((-0.0144623,-0.373204,-2.2102,2.59787),(0.416591,4.75023,-10.7502,5.58341))
[3](0,0,0)
[3](3.33333,0,0)
[3](6.66667,0,0.833333)
[3](10,0,1.66667)
BuilderAndSolver: Clear Function called
Pole Nr. 4:
Verschiebung in Z: 1.6666666666666676
solver step:  2
Setup Dofs Time: 6.0871e-05
Setup System Time: 3.982e-06
System Matrix Resize Time: 0.000111503
System Construction Time: 0.000712818
 MESH MOVED
shape_derivateivs [2,4]((-2.59787,2.2102,0.373204,0.0144623),(5.58341,-10.7502,4.75023,0.416591))
[3](0,0,0)
[3](3.33333,0,0)
[3](6.66667,0,0.833333)
[3](10,0,1.66667)
shape_derivateivs [2,4]((-1.34666,0.0200426,0.999901,0.326719),(4.01994,-6.05983,0.0598294,1.98006))
[3](0,0,0)
[3](3.33333,0,0)
[3](6.66667,0,0.833333)
[3](10,0,1.66667)
shape_derivateivs [2,4]((-0.326719,-0.999901,-0.0200426,1.34666),(1.98006,0.0598294,-6.05983,4.01994))
[3](0,0,0)
[3](3.33333,0,0)
[3](6.66667,0,0.833333)
[3](10,0,1.66667)
shape_derivateivs [2,4]((-0.0144623,-0.373204,-2.2102,2.59787),(0.416591,4.75023,-10.7502,5.58341))
[3](0,0,0)
[3](3.33333,0,0)
[3](6.66667,0,0.833333)
[3](10,0,1.66667)
ResidualBasedBlockBuilderAndSolver: Build time: 0.169607
ResidualBasedBlockBuilderAndSolver: System solve time: 7.05422e-05
 MESH MOVED
RESIDUAL CRITERION:  :: [ Obtained ratio = 1; Expected ratio = 1e-07; Absolute norm = 0.278923; Expected norm =  1e-07]
***************************************************
******* ATTENTION: max iterations exceeded ********
***************************************************
shape_derivateivs [2,4]((-2.59787,2.2102,0.373204,0.0144623),(5.58341,-10.7502,4.75023,0.416591))
[3](0,0,0)
[3](3.35201,0,0)
[3](6.50015,0,1.64348)
[3](9.51538,0,3.25934)
shape_derivateivs [2,4]((-1.34666,0.0200426,0.999901,0.326719),(4.01994,-6.05983,0.0598294,1.98006))
[3](0,0,0)
[3](3.35201,0,0)
[3](6.50015,0,1.64348)
[3](9.51538,0,3.25934)
shape_derivateivs [2,4]((-0.326719,-0.999901,-0.0200426,1.34666),(1.98006,0.0598294,-6.05983,4.01994))
[3](0,0,0)
[3](3.35201,0,0)
[3](6.50015,0,1.64348)
[3](9.51538,0,3.25934)
shape_derivateivs [2,4]((-0.0144623,-0.373204,-2.2102,2.59787),(0.416591,4.75023,-10.7502,5.58341))
[3](0,0,0)
[3](3.35201,0,0)
[3](6.50015,0,1.64348)
[3](9.51538,0,3.25934)