#
# Kratos Output Displacements 
#
# curve_a.CurveGeometry3D
# solution step :: 0 
# Id                       Init x:                       Init y:                       Init z:               Init rotartion:                        Disp x                        Disp y                        Disp z                 Disp rotation
*****************************************************************************************************************************************************************************************************************************************************
#
#
   1                      0.000000                      0.000000                      0.000000                      0.000000                      0.000000                     -0.000000                      0.000000                      0.000000
   2                      0.026667                      0.000000                      0.000000                      0.000000                     -0.000021                     -0.001066                      0.000000                      0.000000
   3                      0.080000                      0.000000                      0.000000                      0.000000                     -0.000064                     -0.003197                      0.000000                      0.000000
   4                      0.160000                      0.000000                      0.000000                      0.000000                     -0.000128                     -0.006390                      0.000000                      0.000000
   5                      0.266667                      0.000000                      0.000000                      0.000000                     -0.000211                     -0.010618                      0.000000                      0.000000
   6                      0.400000                      0.000000                      0.000000                      0.000000                     -0.000312                     -0.015809                      0.000000                      0.000000
   7                      0.533333                      0.000000                      0.000000                      0.000000                     -0.000408                     -0.020858                      0.000000                      0.000000
   8                      0.666667                      0.000000                      0.000000                      0.000000                     -0.000496                     -0.025717                      0.000000                      0.000000
   9                      0.800000                      0.000000                      0.000000                      0.000000                     -0.000576                     -0.030340                      0.000000                      0.000000
  10                      0.933333                      0.000000                      0.000000                      0.000000                     -0.000647                     -0.034678                      0.000000                      0.000000
  11                      1.066667                      0.000000                      0.000000                      0.000000                     -0.000707                     -0.038685                      0.000000                      0.000000
  12                      1.200000                      0.000000                      0.000000                      0.000000                     -0.000756                     -0.042314                      0.000000                      0.000000
  13                      1.333333                      0.000000                      0.000000                      0.000000                     -0.000794                     -0.045516                      0.000000                      0.000000
  14                      1.466667                      0.000000                      0.000000                      0.000000                     -0.000822                     -0.048244                      0.000000                      0.000000
  15                      1.600000                      0.000000                      0.000000                      0.000000                     -0.000840                     -0.050451                      0.000000                      0.000000
  16                      1.733333                      0.000000                      0.000000                      0.000000                     -0.000849                     -0.052090                      0.000000                      0.000000
  17                      1.840000                      0.000000                      0.000000                      0.000000                     -0.000852                     -0.052908                      0.000000                      0.000000
  18                      1.920000                      0.000000                      0.000000                      0.000000                     -0.000852                     -0.053223                      0.000000                      0.000000
  19                      1.973333                      0.000000                      0.000000                      0.000000                     -0.000852                     -0.053294                      0.000000                      0.000000
  20                      2.000000                      0.000000                      0.000000                      0.000000                     -0.000852                     -0.053294                      0.000000                      0.000000
#
# Kratos Output Displacements 
#
# curve_b.CurveGeometry3D
# solution step :: 0 
# Id                       Init x:                       Init y:                       Init z:               Init rotartion:                        Disp x                        Disp y                        Disp z                 Disp rotation
*****************************************************************************************************************************************************************************************************************************************************
#
#
   1                      2.000000                      0.000000                      0.000000                      0.000000                     -0.000852                     -0.053294                      0.000000                      0.000000
   2                      2.026667                      0.000000                      0.000000                      0.000000                     -0.000852                     -0.053294                      0.000000                      0.000000
   3                      2.080000                      0.000000                      0.000000                      0.000000                     -0.000852                     -0.053223                      0.000000                      0.000000
   4                      2.160000                      0.000000                      0.000000                      0.000000                     -0.000853                     -0.052908                      0.000000                      0.000000
   5                      2.266667                      0.000000                      0.000000                      0.000000                     -0.000855                     -0.052090                      0.000000                      0.000000
   6                      2.400000                      0.000000                      0.000000                      0.000000                     -0.000865                     -0.050451                      0.000000                      0.000000
   7                      2.533333                      0.000000                      0.000000                      0.000000                     -0.000883                     -0.048244                      0.000000                      0.000000
   8                      2.666667                      0.000000                      0.000000                      0.000000                     -0.000910                     -0.045516                      0.000000                      0.000000
   9                      2.800000                      0.000000                      0.000000                      0.000000                     -0.000949                     -0.042314                      0.000000                      0.000000
  10                      2.933333                      0.000000                      0.000000                      0.000000                     -0.000998                     -0.038685                      0.000000                      0.000000
  11                      3.066667                      0.000000                      0.000000                      0.000000                     -0.001058                     -0.034678                      0.000000                      0.000000
  12                      3.200000                      0.000000                      0.000000                      0.000000                     -0.001128                     -0.030340                      0.000000                      0.000000
  13                      3.333333                      0.000000                      0.000000                      0.000000                     -0.001208                     -0.025717                      0.000000                      0.000000
  14                      3.466667                      0.000000                      0.000000                      0.000000                     -0.001297                     -0.020858                      0.000000                      0.000000
  15                      3.600000                      0.000000                      0.000000                      0.000000                     -0.001392                     -0.015809                      0.000000                      0.000000
  16                      3.733333                      0.000000                      0.000000                      0.000000                     -0.001493                     -0.010618                      0.000000                      0.000000
  17                      3.840000                      0.000000                      0.000000                      0.000000                     -0.001577                     -0.006390                      0.000000                      0.000000
  18                      3.920000                      0.000000                      0.000000                      0.000000                     -0.001641                     -0.003197                      0.000000                      0.000000
  19                      3.973333                      0.000000                      0.000000                      0.000000                     -0.001683                     -0.001066                      0.000000                      0.000000
  20                      4.000000                      0.000000                      0.000000                      0.000000                     -0.001705                     -0.000000                      0.000000                      0.000000
#
# Kratos Output Displacements 
#
# curve_a.CurveGeometry3D
# solution step :: 1 
# Id                       Init x:                       Init y:                       Init z:               Init rotartion:                        Disp x                        Disp y                        Disp z                 Disp rotation
*****************************************************************************************************************************************************************************************************************************************************
#
#
   1                      0.000000                      0.000000                      0.000000                      0.000000                      0.000000                     -0.000000                      0.000000                      0.000000
   2                      0.026667                      0.000000                      0.000000                      0.000000                     -0.000085                     -0.002126                      0.000000                      0.000000
   3                      0.080000                      0.000000                      0.000000                      0.000000                     -0.000255                     -0.006378                      0.000000                      0.000000
   4                      0.160000                      0.000000                      0.000000                      0.000000                     -0.000508                     -0.012747                      0.000000                      0.000000
   5                      0.266667                      0.000000                      0.000000                      0.000000                     -0.000842                     -0.021183                      0.000000                      0.000000
   6                      0.400000                      0.000000                      0.000000                      0.000000                     -0.001245                     -0.031538                      0.000000                      0.000000
   7                      0.533333                      0.000000                      0.000000                      0.000000                     -0.001625                     -0.041611                      0.000000                      0.000000
   8                      0.666667                      0.000000                      0.000000                      0.000000                     -0.001978                     -0.051307                      0.000000                      0.000000
   9                      0.800000                      0.000000                      0.000000                      0.000000                     -0.002297                     -0.060532                      0.000000                      0.000000
  10                      0.933333                      0.000000                      0.000000                      0.000000                     -0.002578                     -0.069190                      0.000000                      0.000000
  11                      1.066667                      0.000000                      0.000000                      0.000000                     -0.002817                     -0.077188                      0.000000                      0.000000
  12                      1.200000                      0.000000                      0.000000                      0.000000                     -0.003013                     -0.084431                      0.000000                      0.000000
  13                      1.333333                      0.000000                      0.000000                      0.000000                     -0.003165                     -0.090823                      0.000000                      0.000000
  14                      1.466667                      0.000000                      0.000000                      0.000000                     -0.003275                     -0.096271                      0.000000                      0.000000
  15                      1.600000                      0.000000                      0.000000                      0.000000                     -0.003346                     -0.100678                      0.000000                      0.000000
  16                      1.733333                      0.000000                      0.000000                      0.000000                     -0.003384                     -0.103951                      0.000000                      0.000000
  17                      1.840000                      0.000000                      0.000000                      0.000000                     -0.003395                     -0.105585                      0.000000                      0.000000
  18                      1.920000                      0.000000                      0.000000                      0.000000                     -0.003397                     -0.106215                      0.000000                      0.000000
  19                      1.973333                      0.000000                      0.000000                      0.000000                     -0.003397                     -0.106357                      0.000000                      0.000000
  20                      2.000000                      0.000000                      0.000000                      0.000000                     -0.003397                     -0.106357                      0.000000                      0.000000
#
# Kratos Output Displacements 
#
# curve_b.CurveGeometry3D
# solution step :: 1 
# Id                       Init x:                       Init y:                       Init z:               Init rotartion:                        Disp x                        Disp y                        Disp z                 Disp rotation
*****************************************************************************************************************************************************************************************************************************************************
#
#
   1                      2.000000                      0.000000                      0.000000                      0.000000                     -0.003397                     -0.106357                      0.000000                      0.000000
   2                      2.026667                      0.000000                      0.000000                      0.000000                     -0.003397                     -0.106357                      0.000000                      0.000000
   3                      2.080000                      0.000000                      0.000000                      0.000000                     -0.003397                     -0.106215                      0.000000                      0.000000
   4                      2.160000                      0.000000                      0.000000                      0.000000                     -0.003399                     -0.105585                      0.000000                      0.000000
   5                      2.266667                      0.000000                      0.000000                      0.000000                     -0.003410                     -0.103951                      0.000000                      0.000000
   6                      2.400000                      0.000000                      0.000000                      0.000000                     -0.003448                     -0.100678                      0.000000                      0.000000
   7                      2.533333                      0.000000                      0.000000                      0.000000                     -0.003519                     -0.096271                      0.000000                      0.000000
   8                      2.666667                      0.000000                      0.000000                      0.000000                     -0.003629                     -0.090823                      0.000000                      0.000000
   9                      2.800000                      0.000000                      0.000000                      0.000000                     -0.003781                     -0.084431                      0.000000                      0.000000
  10                      2.933333                      0.000000                      0.000000                      0.000000                     -0.003977                     -0.077188                      0.000000                      0.000000
  11                      3.066667                      0.000000                      0.000000                      0.000000                     -0.004216                     -0.069190                      0.000000                      0.000000
  12                      3.200000                      0.000000                      0.000000                      0.000000                     -0.004497                     -0.060532                      0.000000                      0.000000
  13                      3.333333                      0.000000                      0.000000                      0.000000                     -0.004816                     -0.051307                      0.000000                      0.000000
  14                      3.466667                      0.000000                      0.000000                      0.000000                     -0.005168                     -0.041611                      0.000000                      0.000000
  15                      3.600000                      0.000000                      0.000000                      0.000000                     -0.005549                     -0.031538                      0.000000                      0.000000
  16                      3.733333                      0.000000                      0.000000                      0.000000                     -0.005951                     -0.021183                      0.000000                      0.000000
  17                      3.840000                      0.000000                      0.000000                      0.000000                     -0.006285                     -0.012747                      0.000000                      0.000000
  18                      3.920000                      0.000000                      0.000000                      0.000000                     -0.006539                     -0.006378                      0.000000                      0.000000
  19                      3.973333                      0.000000                      0.000000                      0.000000                     -0.006709                     -0.002126                      0.000000                      0.000000
  20                      4.000000                      0.000000                      0.000000                      0.000000                     -0.006794                     -0.000000                      0.000000                      0.000000
#
# Kratos Output Displacements 
#
# curve_a.CurveGeometry3D
# solution step :: 2 
# Id                       Init x:                       Init y:                       Init z:               Init rotartion:                        Disp x                        Disp y                        Disp z                 Disp rotation
*****************************************************************************************************************************************************************************************************************************************************
#
#
   1                      0.000000                      0.000000                      0.000000                      0.000000                     -0.000000                     -0.000000                      0.000000                      0.000000
   2                      0.026667                      0.000000                      0.000000                      0.000000                     -0.000190                     -0.003176                      0.000000                      0.000000
   3                      0.080000                      0.000000                      0.000000                      0.000000                     -0.000569                     -0.009527                      0.000000                      0.000000
   4                      0.160000                      0.000000                      0.000000                      0.000000                     -0.001136                     -0.019041                      0.000000                      0.000000
   5                      0.266667                      0.000000                      0.000000                      0.000000                     -0.001883                     -0.031641                      0.000000                      0.000000
   6                      0.400000                      0.000000                      0.000000                      0.000000                     -0.002783                     -0.047111                      0.000000                      0.000000
   7                      0.533333                      0.000000                      0.000000                      0.000000                     -0.003634                     -0.062160                      0.000000                      0.000000
   8                      0.666667                      0.000000                      0.000000                      0.000000                     -0.004422                     -0.076647                      0.000000                      0.000000
   9                      0.800000                      0.000000                      0.000000                      0.000000                     -0.005136                     -0.090432                      0.000000                      0.000000
  10                      0.933333                      0.000000                      0.000000                      0.000000                     -0.005764                     -0.103374                      0.000000                      0.000000
  11                      1.066667                      0.000000                      0.000000                      0.000000                     -0.006299                     -0.115330                      0.000000                      0.000000
  12                      1.200000                      0.000000                      0.000000                      0.000000                     -0.006737                     -0.126159                      0.000000                      0.000000
  13                      1.333333                      0.000000                      0.000000                      0.000000                     -0.007078                     -0.135720                      0.000000                      0.000000
  14                      1.466667                      0.000000                      0.000000                      0.000000                     -0.007324                     -0.143869                      0.000000                      0.000000
  15                      1.600000                      0.000000                      0.000000                      0.000000                     -0.007483                     -0.150463                      0.000000                      0.000000
  16                      1.733333                      0.000000                      0.000000                      0.000000                     -0.007569                     -0.155361                      0.000000                      0.000000
  17                      1.840000                      0.000000                      0.000000                      0.000000                     -0.007593                     -0.157807                      0.000000                      0.000000
  18                      1.920000                      0.000000                      0.000000                      0.000000                     -0.007596                     -0.158749                      0.000000                      0.000000
  19                      1.973333                      0.000000                      0.000000                      0.000000                     -0.007597                     -0.158961                      0.000000                      0.000000
  20                      2.000000                      0.000000                      0.000000                      0.000000                     -0.007597                     -0.158961                      0.000000                      0.000000
#
# Kratos Output Displacements 
#
# curve_b.CurveGeometry3D
# solution step :: 2 
# Id                       Init x:                       Init y:                       Init z:               Init rotartion:                        Disp x                        Disp y                        Disp z                 Disp rotation
*****************************************************************************************************************************************************************************************************************************************************
#
#
   1                      2.000000                      0.000000                      0.000000                      0.000000                     -0.007597                     -0.158961                      0.000000                      0.000000
   2                      2.026667                      0.000000                      0.000000                      0.000000                     -0.007597                     -0.158961                      0.000000                      0.000000
   3                      2.080000                      0.000000                      0.000000                      0.000000                     -0.007598                     -0.158749                      0.000000                      0.000000
   4                      2.160000                      0.000000                      0.000000                      0.000000                     -0.007601                     -0.157807                      0.000000                      0.000000
   5                      2.266667                      0.000000                      0.000000                      0.000000                     -0.007625                     -0.155361                      0.000000                      0.000000
   6                      2.400000                      0.000000                      0.000000                      0.000000                     -0.007711                     -0.150463                      0.000000                      0.000000
   7                      2.533333                      0.000000                      0.000000                      0.000000                     -0.007870                     -0.143869                      0.000000                      0.000000
   8                      2.666667                      0.000000                      0.000000                      0.000000                     -0.008117                     -0.135720                      0.000000                      0.000000
   9                      2.800000                      0.000000                      0.000000                      0.000000                     -0.008457                     -0.126159                      0.000000                      0.000000
  10                      2.933333                      0.000000                      0.000000                      0.000000                     -0.008895                     -0.115330                      0.000000                      0.000000
  11                      3.066667                      0.000000                      0.000000                      0.000000                     -0.009431                     -0.103374                      0.000000                      0.000000
  12                      3.200000                      0.000000                      0.000000                      0.000000                     -0.010059                     -0.090432                      0.000000                      0.000000
  13                      3.333333                      0.000000                      0.000000                      0.000000                     -0.010772                     -0.076647                      0.000000                      0.000000
  14                      3.466667                      0.000000                      0.000000                      0.000000                     -0.011560                     -0.062160                      0.000000                      0.000000
  15                      3.600000                      0.000000                      0.000000                      0.000000                     -0.012411                     -0.047111                      0.000000                      0.000000
  16                      3.733333                      0.000000                      0.000000                      0.000000                     -0.013311                     -0.031641                      0.000000                      0.000000
  17                      3.840000                      0.000000                      0.000000                      0.000000                     -0.014058                     -0.019041                      0.000000                      0.000000
  18                      3.920000                      0.000000                      0.000000                      0.000000                     -0.014625                     -0.009527                      0.000000                      0.000000
  19                      3.973333                      0.000000                      0.000000                      0.000000                     -0.015004                     -0.003176                      0.000000                      0.000000
  20                      4.000000                      0.000000                      0.000000                      0.000000                     -0.015194                     -0.000000                      0.000000                      0.000000
#
# Kratos Output Displacements 
#
# curve_a.CurveGeometry3D
# solution step :: 3 
# Id                       Init x:                       Init y:                       Init z:               Init rotartion:                        Disp x                        Disp y                        Disp z                 Disp rotation
*****************************************************************************************************************************************************************************************************************************************************
#
#
   1                      0.000000                      0.000000                      0.000000                      0.000000                      0.000000                     -0.000000                      0.000000                      0.000000
   2                      0.026667                      0.000000                      0.000000                      0.000000                     -0.000334                     -0.004210                      0.000000                      0.000000
   3                      0.080000                      0.000000                      0.000000                      0.000000                     -0.001003                     -0.012629                      0.000000                      0.000000
   4                      0.160000                      0.000000                      0.000000                      0.000000                     -0.002002                     -0.025240                      0.000000                      0.000000
   5                      0.266667                      0.000000                      0.000000                      0.000000                     -0.003318                     -0.041944                      0.000000                      0.000000
   6                      0.400000                      0.000000                      0.000000                      0.000000                     -0.004903                     -0.062453                      0.000000                      0.000000
   7                      0.533333                      0.000000                      0.000000                      0.000000                     -0.006403                     -0.082407                      0.000000                      0.000000
   8                      0.666667                      0.000000                      0.000000                      0.000000                     -0.007793                     -0.101620                      0.000000                      0.000000
   9                      0.800000                      0.000000                      0.000000                      0.000000                     -0.009051                     -0.119905                      0.000000                      0.000000
  10                      0.933333                      0.000000                      0.000000                      0.000000                     -0.010158                     -0.137075                      0.000000                      0.000000
  11                      1.066667                      0.000000                      0.000000                      0.000000                     -0.011102                     -0.152943                      0.000000                      0.000000
  12                      1.200000                      0.000000                      0.000000                      0.000000                     -0.011876                     -0.167319                      0.000000                      0.000000
  13                      1.333333                      0.000000                      0.000000                      0.000000                     -0.012477                     -0.180013                      0.000000                      0.000000
  14                      1.466667                      0.000000                      0.000000                      0.000000                     -0.012911                     -0.190837                      0.000000                      0.000000
  15                      1.600000                      0.000000                      0.000000                      0.000000                     -0.013192                     -0.199599                      0.000000                      0.000000
  16                      1.733333                      0.000000                      0.000000                      0.000000                     -0.013344                     -0.206107                      0.000000                      0.000000
  17                      1.840000                      0.000000                      0.000000                      0.000000                     -0.013386                     -0.209358                      0.000000                      0.000000
  18                      1.920000                      0.000000                      0.000000                      0.000000                     -0.013393                     -0.210611                      0.000000                      0.000000
  19                      1.973333                      0.000000                      0.000000                      0.000000                     -0.013394                     -0.210893                      0.000000                      0.000000
  20                      2.000000                      0.000000                      0.000000                      0.000000                     -0.013394                     -0.210893                      0.000000                      0.000000
#
# Kratos Output Displacements 
#
# curve_b.CurveGeometry3D
# solution step :: 3 
# Id                       Init x:                       Init y:                       Init z:               Init rotartion:                        Disp x                        Disp y                        Disp z                 Disp rotation
*****************************************************************************************************************************************************************************************************************************************************
#
#
   1                      2.000000                      0.000000                      0.000000                      0.000000                     -0.013394                     -0.210893                      0.000000                      0.000000
   2                      2.026667                      0.000000                      0.000000                      0.000000                     -0.013394                     -0.210893                      0.000000                      0.000000
   3                      2.080000                      0.000000                      0.000000                      0.000000                     -0.013395                     -0.210611                      0.000000                      0.000000
   4                      2.160000                      0.000000                      0.000000                      0.000000                     -0.013402                     -0.209358                      0.000000                      0.000000
   5                      2.266667                      0.000000                      0.000000                      0.000000                     -0.013444                     -0.206107                      0.000000                      0.000000
   6                      2.400000                      0.000000                      0.000000                      0.000000                     -0.013595                     -0.199599                      0.000000                      0.000000
   7                      2.533333                      0.000000                      0.000000                      0.000000                     -0.013877                     -0.190837                      0.000000                      0.000000
   8                      2.666667                      0.000000                      0.000000                      0.000000                     -0.014311                     -0.180013                      0.000000                      0.000000
   9                      2.800000                      0.000000                      0.000000                      0.000000                     -0.014912                     -0.167319                      0.000000                      0.000000
  10                      2.933333                      0.000000                      0.000000                      0.000000                     -0.015685                     -0.152943                      0.000000                      0.000000
  11                      3.066667                      0.000000                      0.000000                      0.000000                     -0.016630                     -0.137075                      0.000000                      0.000000
  12                      3.200000                      0.000000                      0.000000                      0.000000                     -0.017737                     -0.119905                      0.000000                      0.000000
  13                      3.333333                      0.000000                      0.000000                      0.000000                     -0.018995                     -0.101620                      0.000000                      0.000000
  14                      3.466667                      0.000000                      0.000000                      0.000000                     -0.020384                     -0.082407                      0.000000                      0.000000
  15                      3.600000                      0.000000                      0.000000                      0.000000                     -0.021885                     -0.062453                      0.000000                      0.000000
  16                      3.733333                      0.000000                      0.000000                      0.000000                     -0.023470                     -0.041944                      0.000000                      0.000000
  17                      3.840000                      0.000000                      0.000000                      0.000000                     -0.024785                     -0.025240                      0.000000                      0.000000
  18                      3.920000                      0.000000                      0.000000                      0.000000                     -0.025785                     -0.012629                      0.000000                      0.000000
  19                      3.973333                      0.000000                      0.000000                      0.000000                     -0.026454                     -0.004210                      0.000000                      0.000000
  20                      4.000000                      0.000000                      0.000000                      0.000000                     -0.026788                     -0.000000                      0.000000                      0.000000
#
# Kratos Output Displacements 
#
# curve_a.CurveGeometry3D
# solution step :: 4 
# Id                       Init x:                       Init y:                       Init z:               Init rotartion:                        Disp x                        Disp y                        Disp z                 Disp rotation
*****************************************************************************************************************************************************************************************************************************************************
#
#
   1                      0.000000                      0.000000                      0.000000                      0.000000                     -0.000000                     -0.000000                      0.000000                      0.000000
   2                      0.026667                      0.000000                      0.000000                      0.000000                     -0.000516                     -0.005224                      0.000000                      0.000000
   3                      0.080000                      0.000000                      0.000000                      0.000000                     -0.001549                     -0.015671                      0.000000                      0.000000
   4                      0.160000                      0.000000                      0.000000                      0.000000                     -0.003094                     -0.031319                      0.000000                      0.000000
   5                      0.266667                      0.000000                      0.000000                      0.000000                     -0.005126                     -0.052046                      0.000000                      0.000000
   6                      0.400000                      0.000000                      0.000000                      0.000000                     -0.007576                     -0.077499                      0.000000                      0.000000
   7                      0.533333                      0.000000                      0.000000                      0.000000                     -0.009894                     -0.102267                      0.000000                      0.000000
   8                      0.666667                      0.000000                      0.000000                      0.000000                     -0.012042                     -0.126119                      0.000000                      0.000000
   9                      0.800000                      0.000000                      0.000000                      0.000000                     -0.013987                     -0.148826                      0.000000                      0.000000
  10                      0.933333                      0.000000                      0.000000                      0.000000                     -0.015700                     -0.170155                      0.000000                      0.000000
  11                      1.066667                      0.000000                      0.000000                      0.000000                     -0.017160                     -0.189872                      0.000000                      0.000000
  12                      1.200000                      0.000000                      0.000000                      0.000000                     -0.018357                     -0.207742                      0.000000                      0.000000
  13                      1.333333                      0.000000                      0.000000                      0.000000                     -0.019287                     -0.223529                      0.000000                      0.000000
  14                      1.466667                      0.000000                      0.000000                      0.000000                     -0.019960                     -0.236993                      0.000000                      0.000000
  15                      1.600000                      0.000000                      0.000000                      0.000000                     -0.020396                     -0.247896                      0.000000                      0.000000
  16                      1.733333                      0.000000                      0.000000                      0.000000                     -0.020631                     -0.255997                      0.000000                      0.000000
  17                      1.840000                      0.000000                      0.000000                      0.000000                     -0.020697                     -0.260045                      0.000000                      0.000000
  18                      1.920000                      0.000000                      0.000000                      0.000000                     -0.020707                     -0.261605                      0.000000                      0.000000
  19                      1.973333                      0.000000                      0.000000                      0.000000                     -0.020708                     -0.261957                      0.000000                      0.000000
  20                      2.000000                      0.000000                      0.000000                      0.000000                     -0.020709                     -0.261957                      0.000000                      0.000000
#
# Kratos Output Displacements 
#
# curve_b.CurveGeometry3D
# solution step :: 4 
# Id                       Init x:                       Init y:                       Init z:               Init rotartion:                        Disp x                        Disp y                        Disp z                 Disp rotation
*****************************************************************************************************************************************************************************************************************************************************
#
#
   1                      2.000000                      0.000000                      0.000000                      0.000000                     -0.020709                     -0.261957                      0.000000                      0.000000
   2                      2.026667                      0.000000                      0.000000                      0.000000                     -0.020709                     -0.261957                      0.000000                      0.000000
   3                      2.080000                      0.000000                      0.000000                      0.000000                     -0.020710                     -0.261605                      0.000000                      0.000000
   4                      2.160000                      0.000000                      0.000000                      0.000000                     -0.020721                     -0.260045                      0.000000                      0.000000
   5                      2.266667                      0.000000                      0.000000                      0.000000                     -0.020787                     -0.255997                      0.000000                      0.000000
   6                      2.400000                      0.000000                      0.000000                      0.000000                     -0.021021                     -0.247896                      0.000000                      0.000000
   7                      2.533333                      0.000000                      0.000000                      0.000000                     -0.021457                     -0.236993                      0.000000                      0.000000
   8                      2.666667                      0.000000                      0.000000                      0.000000                     -0.022130                     -0.223529                      0.000000                      0.000000
   9                      2.800000                      0.000000                      0.000000                      0.000000                     -0.023060                     -0.207742                      0.000000                      0.000000
  10                      2.933333                      0.000000                      0.000000                      0.000000                     -0.024257                     -0.189872                      0.000000                      0.000000
  11                      3.066667                      0.000000                      0.000000                      0.000000                     -0.025718                     -0.170155                      0.000000                      0.000000
  12                      3.200000                      0.000000                      0.000000                      0.000000                     -0.027430                     -0.148826                      0.000000                      0.000000
  13                      3.333333                      0.000000                      0.000000                      0.000000                     -0.029375                     -0.126119                      0.000000                      0.000000
  14                      3.466667                      0.000000                      0.000000                      0.000000                     -0.031523                     -0.102267                      0.000000                      0.000000
  15                      3.600000                      0.000000                      0.000000                      0.000000                     -0.033842                     -0.077499                      0.000000                      0.000000
  16                      3.733333                      0.000000                      0.000000                      0.000000                     -0.036292                     -0.052046                      0.000000                      0.000000
  17                      3.840000                      0.000000                      0.000000                      0.000000                     -0.038324                     -0.031319                      0.000000                      0.000000
  18                      3.920000                      0.000000                      0.000000                      0.000000                     -0.039868                     -0.015671                      0.000000                      0.000000
  19                      3.973333                      0.000000                      0.000000                      0.000000                     -0.040901                     -0.005224                      0.000000                      0.000000
  20                      4.000000                      0.000000                      0.000000                      0.000000                     -0.041417                     -0.000000                      0.000000                      0.000000
