[0.0364038410406611, 6.810162084776872e-05, -0.006067306840110182][2.2866802766545318, 0.008555629830921507, -0.3811133794424221][-0.003640360214100096, 0.9999931898069205, 0.000606726702348216][0.16439898730535735, 1.7757911306134896e-15, 0.9863939238321436]
[0.18746221042923258, 0.0018060740596938752, -0.031243701738205433][2.286282953608875, 0.0440576834862032, -0.38104715893481256][-0.018746233100263278, 0.9998193922119186, 0.00312437218337601][0.16439898730535732, 1.1867295120295868e-15, 0.9863939238321439]
[0.44190303090933886, 0.01004017659580199, -0.07365050515155647][2.2844000121760764, 0.10385674234447319, -0.3807333353626795][-0.044190311250381746, 0.9989959821753398, 0.007365051875062016][0.16439898730535726, 1.587969729565361e-15, 0.9863939238321436]
[0.7718236861479875, 0.030659970362013747, -0.12863728102466457][2.2796848029859955, 0.18139514433176102, -0.3799474671643326][-0.07718235744821744, 0.9969340039570939, 0.012863726241368036][0.16439898730535718, 1.5149923267348714e-15, 0.9863939238321437]
[1.1407893963723812, 0.06710265827009626, -0.19013156606206347][2.2713515232922825, 0.26811004249013387, -0.37855858721538027][-0.11407893360549702, 0.9932897345797589, 0.019013155600913816][0.16439898730535699, 2.3056585237102747e-15, 0.9863939238321437]
[1.5081438120464705, 0.11757510550822325, -0.2513573020077451][2.2598101387795957, 0.3544462912503586, -0.3766350231299325][-0.1508143900822719, 0.9882424878221966, 0.025135731680376226][0.1643989873053569, 2.3657474174562075e-15, 0.9863939238321439]
[1.8339117834379741, 0.17435272290947212, -0.30565196390632904][2.246826888268712, 0.43100879958066873, -0.37447114804478526][-0.18339119051704605, 0.9825647255455066, 0.03056519841950529][0.1643989873053568, 2.3087832664011004e-15, 0.9863939238321437]
[2.0834121363266958, 0.22560378379381504, -0.3472353560544492][2.235107315660826, 0.48964674057920543, -0.372517885943471][-0.2083412203849009, 0.9774396205829974, 0.03472353673081456][0.16439898730535685, 2.1809437830675957e-15, 0.9863939238321439]
[2.230823420427375, 0.2590971350356531, -0.37180390340456254][2.2274483730021744, 0.5242915474101897, -0.3712413955003623][-0.2230823437290797, 0.9740902866108319, 0.037180390621509615][0.16439898730535643, 3.5116724888418253e-15, 0.9863939238321437]
[2.3016834288760024, 0.2760556529138901, -0.38361390481266705][2.2235704554950595, 0.5409451640392705, -0.3705950759158432][-0.23016834198556224, 0.9723944354424782, 0.038361390330923666][0.1643989873053565, 3.2314493123931667e-15, 0.9863939238321439]
[2.448306966206863, 0.3129319626224502, -0.40805116103447714][2.2151379160052413, 0.5754048270005437, -0.36918965266754034][-0.24483069058385779, 0.9687068057622632, 0.04080511509730639][0.16439898730535654, 3.109435539989037e-15, 0.9863939238321439]
[2.694075165075188, 0.3802106718184081, -0.4490125275125314][2.1997532303520844, 0.6331656024417883, -0.366625538392014][-0.2694075042162625, 0.9619789365455448, 0.04490125070270617][0.16439898730535618, 4.0276568685506845e-15, 0.986393923832144]
[3.010497102540718, 0.4771246633690776, -0.5017495170901197][2.1775918481412457, 0.7075315310379054, -0.36293197469020766][-0.30104969697282336, 0.9522875376669062, 0.05017494949546562][0.16439898730535585, 4.6336031371150856e-15, 0.9863939238321441]
[3.361333696559555, 0.5985327255603342, -0.5602222827599257][2.149829470822372, 0.7899856790263616, -0.3583049118037287][-0.33613336425936474, 0.9401467286926285, 0.056022227376554774][0.16439898730535527, 5.588127836988773e-15, 0.986393923832144]
[3.7074225639864284, 0.7332199223855356, -0.6179037606644046][2.119030643642191, 0.8713240507877412, -0.35317177394036514][-0.37074226268653104, 0.9266780044622456, 0.06179037711441525][0.16439898730535485, 6.018850543722843e-15, 0.9863939238321442]
[4.011608546237414, 0.8643572169240795, -0.6686014243729023][2.0890436220735435, 0.9428143596957764, -0.3481739370122572][-0.40116086862593164, 0.9135642716987631, 0.06686014477098243][0.16439898730535482, 5.5528130298163254e-15, 0.9863939238321442]
[4.24281962756302, 0.9723513916849394, -0.7071366045938366][2.064348723835095, 0.997153985072468, -0.34405812063918245][-0.4242819786099056, 0.9027648533685896, 0.07071366310164294][0.16439898730535396, 7.126572262725244e-15, 0.9863939238321442]
[4.378697013097702, 1.0392841027050934, -0.7297828355162838][2.049043298665173, 1.029088118743059, -0.3415072164441955][-0.4378697163348579, 0.8960715826769582, 0.07297828605580264][0.16439898730535427, 6.172226313468736e-15, 0.9863939238321444]
[4.443818188658571, 1.0722938237861743, -0.7406363647764285][2.0414950023658576, 1.0443930066005616, -0.34024916706097624][-0.44438183300544626, 0.8927706110179434, 0.07406363883423257][0.16439898730535354, 7.434614834215084e-15, 0.9863939238321443]
[4.578162239199449, 1.1423355171004033, -0.7630270398665749][2.025478640851098, 1.0759667671847493, -0.3375797734751829][-0.45781623533388516, 0.8857664431094294, 0.0763027058889724][0.16439898730535343, 7.36116877680955e-15, 0.9863939238321445]
[4.8021087455080025, 1.2650593054292825, -0.8003514575846672][1.9974154987490822, 1.1285990327291162, -0.33290258312484705][-0.48021087935861184, 0.8734940679024595, 0.08003514655975996][0.1643989873053532, 7.483868530853872e-15, 0.9863939238321445]
[5.088102804070622, 1.433082433109769, -0.8480171340117704][1.958993750889884, 1.1958137890150855, -0.32649895848164734][-0.5088102753605005, 0.8566917609236419, 0.0848017125600744][0.16439898730535277, 7.612493912537746e-15, 0.9863939238321446]
[5.402039893709986, 1.6329603325816482, -0.9003399822849978][1.9132877333912948, 1.2695957321025, -0.3188812888985492][-0.5402039759235282, 0.8367039763040335, 0.09003399598724447][0.16439898730535185, 8.471343832809408e-15, 0.9863939238321445]
[5.708346847108999, 1.8446562792957102, -0.9513911411848333][1.8648792450104466, 1.341584416412155, -0.3108132075017411][-0.5708346691918896, 0.8155343830308402, 0.09513911153197083][0.1643989873053512, 8.662961409916775e-15, 0.9863939238321447]
[5.974676338821283, 2.0431371633396886, -0.995779389803547][1.8194926330106032, 1.404177546298717, -0.3032487721684339][-0.5974676223954694, 0.7956862915991479, 0.09957793706590044][0.16439898730535074, 8.72691714994951e-15, 0.9863939238321447]
[6.175227913228708, 2.202096550613895, -1.0292046522047849][1.783143406713001, 1.451311467974979, -0.2971905677855002][-0.6175227856837451, 0.7797903482306321, 0.10292046428061412][0.16439898730535119, 7.756143384669566e-15, 0.9863939238321447]
[6.292301687295065, 2.298887583364446, -1.0487169478825105][1.7610102180365723, 1.478826321603166, -0.2935017030060953][-0.6292301671007194, 0.7701112416395314, 0.10487169451677474][0.1643989873053499, 8.965515679413595e-15, 0.9863939238321449]
[6.348199912742703, 2.346182418002568, -1.0580333187904503][1.7501953185571522, 1.4919636078066698, -0.29169921975952545][-0.6348199916040153, 0.76538175651863, 0.10580333193399148][0.16439898730535038, 8.35738945410584e-15, 0.986393923832145]
[6.463076785313712, 2.4456421139121125, -1.077179464218952][1.7274518965554408, 1.5189621488427059, -0.2879086494259069][-0.6463076827856954, 0.7554357835303286, 0.10771794713093753][0.16439898730534983, 8.715395328574977e-15, 0.986393923832145]
[6.653219966506684, 2.617244988453417, -1.1088699944177804][1.6882115285997998, 1.5636499034245412, -0.2813685880999667][-0.6653220064101432, 0.7382754911145636, 0.11088700106834458][0.16439898730534902, 9.215354786095379e-15, 0.986393923832145]
[6.893484805689343, 2.8473876395509556, -1.1489141342815572][1.6355849167541774, 1.62011734106729, -0.2725974861256962][-0.6893484939145309, 0.7152612225943423, 0.1148914156524091][0.1643989873053486, 8.964402166362073e-15, 0.9863939238321452]
[7.153726023470047, 3.1150414681269853, -1.1922876705783412][1.5743806632778523, 1.6812796609851786, -0.26239677721297544][-0.7153726139276224, 0.6884958415909173, 0.11922876898792321][0.16439898730534752, 9.423995906135535e-15, 0.9863939238321454]
[7.403862944102048, 3.3924199827687516, -1.2339771573503413][1.5109526725675622, 1.7400672364669834, -0.251825445427927][-0.7403862993615045, 0.6607579975039999, 0.1233977165602373][0.16439898730534747, 8.741468044655781e-15, 0.9863939238321453]
[7.618086744078472, 3.6476253257586233, -1.2696811240130783][1.4525949925784953, 1.7904144301859892, -0.24209916542974919][-0.7618086720586085, 0.6352374719024201, 0.12696811200975325][0.1643989873053461, 9.29301640153237e-15, 0.9863939238321455]
[7.777248894055842, 3.8490452839072633, -1.296208149009307][1.406536373514581, 1.8278209376384962, -0.23442272891909685][-0.7777248824086898, 0.615095481961237, 0.12962081373476703][0.16439898730534608, 8.866638337099329e-15, 0.9863939238321456]
[7.869255380051973, 3.97051612850941, -1.3115425633419955][1.378759678197666, 1.8494444231398046, -0.2297932796996111][-0.786925529156483, 0.6029483999432002, 0.1311542548593976][0.16439898730534472, 9.68997463550116e-15, 0.9863939238321459]
[7.912939992584109, 4.029565710535546, -1.3188233320973513][1.3652568292809935, 1.8597112372600075, -0.2275428048801656][-0.7912939898183671, 0.5970434425395542, 0.13188233163637958][0.16439898730534563, 8.81390332114486e-15, 0.9863939238321457]
[8.00220355627742, 4.153122120482664, -1.3337005927129038][1.3370032216383656, 1.8806900741150594, -0.22283387027306076][-0.8002203456361455, 0.5846878023049038, 0.1333700576060072][0.1643989873053438, 9.760104032135591e-15, 0.986393923832146]
[8.148370397181345, 4.364422988495029, -1.3580617328635576][1.2886851080301926, 1.9150423918835424, -0.21478085133836536][-0.8148370308486601, 0.563557713864845, 0.135806171808093][0.1643989873053436, 9.414922259372299e-15, 0.9863939238321461]
[8.330051401086298, 4.64437206713859, -1.3883419001810495][1.2246692241289074, 1.9577413051547943, -0.2041115373548177][-0.8330051357601379, 0.5355627990072646, 0.1388341892933402][0.16439898730534402, 8.447283739680513e-15, 0.986393923832146]
[8.522673345535821, 4.965481790529737, -1.4204455575893034][1.1512411625096293, 2.0030116043497865, -0.19187352708493818][-0.8522673366786487, 0.5034518158764725, 0.14204455611309116][0.16439898730534303, 8.40105892395665e-15, 0.9863939238321461]
[8.703257410091885, 5.293702537674715, -1.4505429016819804][1.076187058008373, 2.0454527805390463, -0.1793645096680621][-0.8703257472927588, 0.4706297336540555, 0.14505429121544075][0.16439898730534094, 8.815571423442858e-15, 0.9863939238321465]
[8.853914102678125, 5.591978316079688, -1.4756523504463541][1.0079804845191411, 2.08086039229171, -0.16799674741985693][-0.8853914162112649, 0.4408021565433731, 0.14756523603519325][0.16439898730534197, 7.672577743286945e-15, 0.9863939238321463]
[8.963171319110545, 5.825082458599498, -1.4938618865184246][0.954676685044314, 2.1065382181413503, -0.15911278084071917][-0.8963171351100792, 0.4174917481685663, 0.14938618918499347][0.1643989873053399, 8.173196152672066e-15, 0.9863939238321466]
[9.025187976581334, 5.964734175729257, -1.504197996096889][0.9227426005064071, 2.121113475251481, -0.1537904334177346][-0.9025187986525749, 0.40352658142213965, 0.1504197997754092][0.16439898730533956, 7.977453777303563e-15, 0.9863939238321466]
[9.054321757804368, 6.032379232359821, -1.5090536263007277][0.9072742398704506, 2.127960541435525, -0.15121237331174195][-0.9054321756787269, 0.39676207830423377, 0.1509053626131021][0.16439898730534028, 7.532922957060533e-15, 0.9863939238321465]
[9.113196225643817, 6.173421838965297, -1.518866037607303][0.875022095082745, 2.1417973024402053, -0.14583701584712438][-0.9113196203413725, 0.38265782272343857, 0.1518866033902072][0.16439898730533795, 8.222182994025565e-15, 0.986393923832147]
[9.207566499077297, 6.413115682644552, -1.5345944165128826][0.8202114046019402, 2.1639763183258136, -0.13670190076698996][-0.9207566454101743, 0.3586884441003767, 0.15345944090167057][0.16439898730533442, 8.863681571690252e-15, 0.9863939238321474]
[9.320943368403785, 6.727893362222872, -1.5534905614006307][0.7482312992536515, 2.1906222818187784, -0.12470521654227541][-0.9320943333414382, 0.3272106732525176, 0.15534905555687792][0.16439898730533115, 9.2430172622921e-15, 0.9863939238321481]
[9.43564038973648, 7.085278989163353, -1.5726067316227468][0.6665080531523925, 2.2175786098304, -0.11108467552539918][-0.9435640405430937, 0.29147209469909474, 0.15726067342381894][0.16439898730532942, 8.812766001730914e-15, 0.9863939238321484]
[9.537010011544739, 7.4467815484832105, -1.58950166859079][0.5838434580743419, 2.241402897773254, -0.09730724301239002][-0.9537010045926657, 0.25532183242382045, 0.15895016743206844][0.16439898730531727, 1.0596861331227522e-14, 0.9863939238321504]
[9.616039190349703, 7.7721694723123225, -1.6026731983916171][0.5094371935034729, 2.259976520655954, -0.08490619891724549][-0.961603917159537, 0.22278306218208646, 0.16026731952649279][0.16439898730526556, 2.124391341095381e-14, 0.986393923832159]
[9.669546006364726, 8.024486266233737, -1.611591001060788][0.45173986811262523, 2.2725510159357825, -0.07528997801877058][-0.9669545975530776, 0.19755138797201585, 0.16115909959197522][0.16439898730516236, 3.96996178109678e-14, 0.9863939238321763]
[9.698254808724327, 8.174847139831112, -1.6163758014540544][0.41735657945659455, 2.279296933408226, -0.06955942990943065][-0.9698254860434474, 0.18251525696990134, 0.16163758100702344][0.16439898730514885, 3.845804906793203e-14, 0.9863939238321785]
