0.0036514
0.003066
0.0036229
0.0030861
0.0034714
0.0036042
0.004323
0.0034884
0.0034272
0.0035089
0.001491
0.0014873
0.0015289
0.0014862
0.0014742
0.0014793
0.0017411
0.001482
0.0014734
0.0015203
0.0014829
0.0014753
0.0014757
0.0014947
0.0014915
0.0014839
0.0015492
0.0015119
0.0015083
0.0014989
0.0015077
0.0015203
0.0014985
0.0014943
0.0014977
0.0014975
0.0015038
0.0015025
0.0015034
0.0014986
0.0015143
0.0015011
0.0015051
0.0014996
0.0015012
0.0014853
0.0014966
0.0025199
0.0015055
0.0015002
0.0015092
0.0015122
0.001492
0.0014942
0.0014979
0.0015043
0.0016514
0.0015068
0.0015065
0.0015047
0.0032518
0.0029016
0.0031721
0.0025764
0.0039016
0.0028274
0.0030178
0.0029938
0.0033897
0.0027443
0.0015059
0.0015035
0.0014985
0.0015066
0.0015038
0.0014987
0.0014965
0.0015049
0.001492
0.00148
0.0015007
0.001494
0.0015683
0.0015811
0.0015008
0.0016395
0.0015152
0.0014866
0.001491
0.0015099
0.0014947
0.001498
0.0015072
0.0014989
0.0014939
0.0015391
0.00154
0.0014998
0.0014993
0.0015158
0.0015007
0.0015013
0.0016024
0.0015158
0.0014954
0.0014971
0.0015176
0.0014965
0.0014966
0.0015008
0.0015059
0.001504
0.0014986
0.0015567
0.0014993
0.0014985
0.001505
0.001493
0.0014926
0.0015043
0.0030669
0.0029008
0.0031186
0.0037363
0.0032211
0.0035659
0.0028178
0.0035536
0.0038497
0.0015308
0.0015158
0.0015026
0.0014863
0.0014983
0.0014978
0.0014949
0.0014963
0.0015364
0.0014978
0.001499
0.0015018
0.0014963
0.0014908
0.0015395
0.0014957
0.0014996
0.0015556
0.0014965
0.0014904
0.0015134
0.0015066
0.0015007
0.0015011
0.001514
0.002453
0.001813
0.0015774
0.0015048
0.0015212
0.0014973
0.0014916
0.0014905
0.0014943
0.0014863
0.0015015
0.0014972
0.0015062
0.0014963
0.0014998
0.0015171
0.0015002
0.0014934
0.0015891
0.0015006
0.001496
0.0015358
0.0014947
0.0014954
0.0015078
0.0014897
0.0034516
0.0030048
0.0029567
0.0028842
0.0028911
0.0026955
0.0034862
0.0044053
0.0031524
0.0025439
0.0015049
0.0015065
0.0015563
0.0015075
0.0014912
0.0014809
0.0014936
0.0014899
0.0015659
0.0014877
0.0014895
0.001586
0.0014867
0.001483
0.0014976
0.00149
0.001517
0.0015034
0.0014858
0.001544
0.0014969
0.0015006
0.0014925
0.0014907
0.0014911
0.0014938
0.0014935
0.0016353
0.0014869
0.001502
0.0014784
0.0015018
0.0015192
0.0016061
0.0014885
0.0014832
0.0015938
0.0014975
0.0014938
0.0014982
0.0014936
0.0014793
0.0014916
0.0014924
0.0014793
0.0014915
0.0014923
0.0014866
0.0014911
0.0014907
0.0033924
0.0033315
0.003022
0.0030239
0.0031969
0.0026503
0.002892
0.0044045
0.0032385
0.0016093
0.0015009
0.0014984
0.0014924
0.0015881
0.0014889
0.0017507
0.0015013
0.0014969
0.0015474
0.0014893
0.0015042
0.0015121
0.0014933
0.0014873
0.0014896
0.0014981
0.0014951
0.001485
0.0019253
0.0015111
0.0015009
0.0015045
0.0022669
0.0015873
0.0015427
0.0015518
0.0016349
0.0016972
0.0015396
0.0014876
0.0015517
0.0020033
0.0016445
0.0026138
0.0016081
0.0015111
0.0016302
0.0014974
0.0024985
0.0016691
0.0016083
0.0028154
0.0017897
0.001541
0.0022926
0.001845
0.0015828
0.0023935
0.0025132
0.0021788
0.0032163
0.0033902
0.0029181
0.0033807
0.0032543
0.0041198
0.0039562
0.003424
0.001922
0.0018188
0.0022434
0.0015779
0.0015392
0.0014902
0.0014876
0.0015223
0.0015964
0.0014868
0.001483
0.0015174
0.001481
0.0014606
0.0014716
0.0014721
0.0014704
0.0014723
0.0014846
0.0014722
0.0014739
0.0014729
0.0014676
0.0031294
0.0026225
0.0020258
0.0016483
0.0015097
0.0016565
0.001476
0.0014765
0.0015197
0.0014962
0.0014807
0.0015266
0.0014969
0.0014846
0.0014884
0.001471
0.0014608
0.0014722
0.0014832
0.0014785
0.0014869
0.001464
0.0018633
0.0014967
0.0014979
0.0014945
0.0014958
0.0015439
0.0015089
0.0030468
0.0036316
0.0027743
0.0028827
0.0034113
0.0034256
0.0032441
0.0026307
0.0018464
0.0014829
0.0014798
0.0017046
0.0019882
0.0015357
0.0014774
0.001572
0.0015002
0.0014873
0.0014979
0.001592
0.0015166
0.0014915
0.0014986
0.0014912
0.0016169
0.0015011
0.0015146
0.0016486
0.0016392
0.0014956
0.0014918
0.0014891
0.0014964
0.0015078
0.0014891
0.0014989
0.0014959
0.0020723
0.0015062
0.0014895
0.0015011
0.0015034
0.002489
0.0014949
0.0014924
0.0014987
0.0014928
0.0014943
0.0015355
0.0019167
0.0015312
0.0015455
0.0016033
0.0015188
0.0015041
0.0014851
0.0015848
0.0015087
0.0020603
0.0015084
0.0035379
0.003366
0.003228
0.0029149
0.0033524
0.0033833
0.0049781
0.0033502
0.0032748
0.0015118
0.0014875
0.0019539
0.0015075
0.0015811
0.001535
0.0014866
0.0014985
0.0015149
0.001875
0.0016194
0.0019671
0.0015132
0.0015473
0.0015151
0.0015003
0.0015743
0.0014983
0.0015019
0.0015914
0.0017412
0.0014917
0.0015047
0.0014964
0.0015066
0.0018193
0.0014869
0.0015005
0.0015057
0.0015069
0.0015018
0.001616
0.0015063
0.0015165
0.0015156
0.0014975
0.0015162
0.0014809
0.0016493
0.0014901
0.0014917
0.001514
0.0015179
0.0015217
0.0015441
0.0015248
0.0014984
0.0015029
0.0014944
0.0015062
0.0014816
0.0034943
0.0034253
0.0034658
0.0033411
0.0032962
0.0036699
0.0030352
0.0035187
0.001528
0.0015103
0.0015834
0.0014884
0.0014823
0.0014974
0.0014847
0.0015653
0.0015071
0.0014853
0.0014976
0.001492
0.001477
0.0014921
0.0014791
0.0015018
0.0014771
0.0014942
0.0014889
0.0014952
0.001493
0.0014995
0.0014913
0.0014902
0.0014831
0.0015041
0.0014863
0.0015764
0.0014889
0.0014984
0.0016074
0.0015019
0.0014933
0.0014907
0.001518
0.0015002
0.001481
0.0015047
0.0014978
0.0015871
0.0014978
0.0014933
0.0015122
0.0014956
0.0014936
0.0014923
0.0014844
0.0015126
0.001493
0.0015008
0.0015347
0.0015421
0.0035084
0.003345
0.0032195
0.0027147
0.0028094
0.002596
0.0032263
0.0030926
0.0019353
0.0015001
0.0015309
0.0017403
0.0015308
0.001496
0.0015341
0.0015412
0.0016051
0.0014967
0.0015033
0.0015485
0.0014855
0.0014948
0.0014854
0.0015089
0.0014982
0.0015101
0.0014951
0.0019012
0.0014928
0.0015265
0.0015035
0.001528
0.0016061
0.0015391
0.0015166
0.0015218
0.001511
0.0016048
0.001506
0.0015039
0.0014866
0.0014873
0.0014983
0.0015068
0.0014867
0.0014996
0.0014858
0.0015298
0.0014925
0.0015186
0.0014969
0.0015044
0.0014861
0.0024465
0.0014927
0.0014987
0.0014908
0.0014892
0.0015806
0.0014976
0.0035278
0.0033674
0.003549
0.0027451
0.0026894
0.0033311
0.00438
0.001505
0.0014941
0.0014967
0.0016904
0.0015044
0.0014928
0.0015034
0.0014859
0.0015979
0.0014962
0.0014915
0.0016012
0.0015403
0.0016033
0.00165
0.0016435
0.0015153
0.0015269
0.0015099
0.0015038
0.0016416
0.0015119
0.0014965
0.0014962
0.0015117
0.0018442
0.0015099
0.0014918
0.0015122
0.0015045
0.0014835
0.0014954
0.0014949
0.0015024
0.0014953
0.001606
0.0015358
0.0014977
0.0014948
0.0015048
0.0016667
0.0015056
0.0014987
0.001499
0.0015043
0.0015246
0.0015007
0.0014947
0.001516
0.0016637
0.0014981
0.0014951
0.0015035
0.0034571
0.0032705
0.0027535
0.0029231
0.0032878
0.0026759
0.0033493
0.0031446
0.0015011
0.0014943
0.0016609
0.0015153
0.0015111
0.0015896
0.0015856
0.0014938
0.0014871
0.0015289
0.0014891
0.0015107
0.001511
0.0014867
0.0014999
0.0014917
0.0015012
0.0015231
0.0015024
0.0018935
0.001569
0.0015071
0.0014876
0.0014812
0.001538
0.0014822
0.0014797
0.0015031
0.0014965
0.0015156
0.0014873
0.0015005
0.0015099
0.0014907
0.0015322
0.0014761
0.0014901
0.0014852
0.0015001
0.0015038
0.0015002
0.0014908
0.0015006
0.0014984
0.0015006
0.0015288
0.0014797
0.0016575
0.0014812
0.0014853
0.0014896
0.0015114
0.0034685
0.0031677
0.0032397
0.0034003
0.0029031
0.0028815
0.0044038
0.0032467
0.0014969
0.0015059
0.0014871
0.0014928
0.0014788
0.0014987
0.0014788
0.0015044
0.0014875
0.0016273
0.0014979
0.0014916
0.0015577
0.0014967
0.0020035
0.0014935
0.001507
0.0015033
0.0014906
0.0015136
0.0014899
0.0014911
0.0015237
0.001505
0.0015057
0.001521
0.0015053
0.001529
0.0015258
0.001502
0.0015076
0.0015109
0.0015124
0.0015067
0.001494
0.0014973
0.0014954
0.0015004
0.0015124
0.0014934
0.0016145
0.0014997
0.001517
0.0015039
0.0014916
0.0016013
0.0015095
0.001495
0.0015598
0.0015068
0.0014963
0.0015048
0.0037448
0.00312
0.0031868
0.0035909
0.0031769
0.0035484
0.0041428
0.0034722
0.0015229
0.0015271
0.0015165
0.0015224
0.00172
0.0015269
0.0015103
0.0015194
0.0015077
0.0015617
0.0015129
0.0015246
0.0015026
0.0015186
0.0014965
0.0015088
0.0015219
0.0015286
0.0015137
0.0016411
0.0015429
0.0016365
0.0015576
0.0015291
0.0015165
0.0016049
0.0015345
0.0016355
0.0015579
0.0015338
0.0015364
0.0017312
0.0015484
0.0014979
0.0014995
0.0015241
0.0015162
0.0015103
0.0015351
0.0016186
0.0019083
0.0015227
0.0022932
0.0016396
0.0015619
0.0016882
0.0015489
0.0015573
0.0015486
0.0015597
0.0015308
0.0022995
0.0035009
0.0032136
0.0032308
0.0033149
0.0028571
0.0036378
0.0032107
0.0032603
0.0015393
0.0016841
0.0016618
0.00155
0.001667
0.0015277
0.0016698
0.0015272
0.0016086
0.0015596
0.0015066
0.0015309
0.001651
0.0016096
0.0015114
0.0015725
0.0015126
0.0015503
0.0016929
0.0015103
0.0016444
0.0015325
0.0019047
0.0015238
0.001527
0.0016235
0.0014998
0.0019309
0.0017795
0.0023063
0.0020677
0.0015439
0.0015463
0.0015542
0.0015504
0.0015458
0.0015497
0.0017508
0.0015374
0.0015257
0.0015392
0.0015341
0.001688
0.001521
0.0015825
0.0016237
0.0015237
0.001652
0.0016079
0.0015495
0.0015255
0.0015142
0.0034986
0.0027619
0.0031299
0.0026917
0.0037253
0.0033556
0.0032819
0.0015217
0.0015102
0.0015756
0.0015246
0.0019285
0.0015212
0.0015339
0.0015101
0.0015324
0.0015296
0.0015623
0.0016986
0.0015362
0.0018959
0.0015198
0.0015422
0.0015334
0.001532
0.0015254
0.0015228
0.0015354
0.0015174
0.0015395
0.0015073
0.0015997
0.0016716
0.0017098
0.0015928
0.0015346
0.0015112
0.001511
0.0015016
0.0014939
0.001501
0.0015061
0.0015097
0.0017077
0.0015061
0.0015092
0.0015106
0.001508
0.0016756
0.0015118
0.001526
0.001505
0.0015134
0.0016053
0.0015737
0.0015108
0.0015011
0.0015676
0.0015167
0.0015071
0.0036567
0.0079341
0.0070034
0.0052009
0.0034103
0.002218
0.0027616
0.0022731
0.0019359
0.001811
0.0027253
0.0022833
0.0022306
0.0024121
0.0043034
0.0062911
0.0032555
0.0038459
0.0045594
0.0042963
0.0048831
0.0028125
0.0023252
0.0024073
0.00254
0.0017498
0.002102
0.0015793
0.0031574
0.0035643
0.0027728
0.0027394
0.0063105
0.0027347
0.0017951
0.0039735
0.0029982
0.0017583
0.0016535
0.0018102
0.0017941
0.0037901
0.0016592
0.0020156
0.001974
0.0032811
0.0020776
0.0017365
0.0019857
0.0027593
0.0023046
0.001815
0.0027778
0.0017625
0.0015062
0.0015109
0.001506
0.0015153
0.0015168
0.0015115
0.0034916
0.0029326
0.0030322
0.0033701
0.0046116
0.0041281
0.0015731
0.0015723
0.0023245
0.0015197
0.0015127
0.0015179
0.0015136
0.0015122
0.0015086
0.0015126
0.0015172
0.0015239
0.0015083
0.0015273
0.001517
0.0015469
0.0015193
0.0015151
0.0015112
0.0016028
0.0015076
0.0015295
0.001502
0.0015429
0.0015058
0.0015147
0.0015017
0.0015118
0.001515
0.0015212
0.0016238
0.0015103
0.0015219
0.00151
0.0014963
0.0015117
0.0015583
0.0015086
0.0017055
0.001517
0.0015103
0.0015083
0.0015149
0.0028026
0.0016053
0.0015695
0.0017331
0.0015265
0.0015978
0.0015147
0.0015074
0.0016079
0.0015138
0.0015023
0.0035536
0.0034012
0.00347
0.0033432
0.0029426
0.0045298
0.0034186
0.0032197
0.0016494
0.0015007
0.0014982
0.0015033
0.0014946
0.0014984
0.0014938
0.0025857
0.0015084
0.0015399
0.0015131
0.0015571
0.001506
0.0015119
0.0015291
0.0015292
0.0015537
0.0015965
0.0015126
0.0015131
0.0015118
0.0015942
0.0014964
0.0015147
0.0017407
0.0015256
0.0015137
0.0015221
0.0015058
0.0015095
0.0015082
0.0015178
0.0014972
0.0016104
0.0016052
0.0017122
0.0015188
0.001558
0.0015098
0.0015135
0.0015322
0.001496
0.0016391
0.0015596
0.0015027
0.0015215
0.001506
0.0015808
0.0015132
0.0015092
0.0015228
0.0015137
0.0035922
0.003517
0.0037352
0.0031584
0.0033703
0.003362
0.0033373
0.0035242
0.0017286
0.0015306
0.0015169
0.0015081
0.0015172
0.0015494
0.0015205
0.0015113
0.0015265
0.0015241
0.0015294
0.0015084
0.001515
0.0015245
0.0015061
0.0015033
0.0015159
0.0016649
0.0015222
0.0015159
0.002561
0.0028634
0.0015191
0.0015623
0.0015201
0.0015274
0.0014935
0.0015167
0.0015028
0.0015149
0.0016499
0.0015054
0.0015254
0.0015091
0.0015341
0.001566
0.0015097
0.0016239
0.0015231
0.0015159
0.0015228
0.0015179
0.0015133
0.0015135
0.0015122
0.0015048
0.0015088
0.0015266
0.0015149
0.0016124
0.0015235
0.0015771
0.0031654
0.0033434
0.0032599
0.0029168
0.003558
0.0032807
0.0030529
0.0029633
0.0016635
0.0017147
0.0015457
0.0016371
0.0016631
0.0018694
0.0016401
0.0015134
0.0015152
0.0015154
0.0015053
0.0015625
0.0015165
0.0015131
0.0015061
0.0017013
0.0016218
0.0015108
0.0015136
0.0015356
0.0015165
0.0017451
0.001516
0.0015097
0.0015168
0.0015059
0.0015106
0.0016097
0.0015121
0.0015253
0.0015194
0.0015135
0.0017171
0.001518
0.0015542
0.0015141
0.001518
0.0015994
0.0015221
0.0015223
0.0015047
0.0015227
0.0015141
0.0015136
0.0015636
0.0015102
0.0015097
0.0015221
0.0015191
0.001513
0.0015028
0.0017826
0.0035262
0.0031032
0.0031546
0.0030032
0.0031561
0.0029508
0.0046034
0.0033501
0.0015087
0.001537
0.0014968
0.0016847
0.0014989
0.0014924
0.0015024
0.001504
0.0014893
0.001503
0.0016247
0.001514
0.0016135
0.0015214
0.0015108
0.0015076
0.0015023
0.0015082
0.0015101
0.0015049
0.0015014
0.001629
0.0015092
0.0015007
0.0015037
0.0015069
0.0015081
0.0015035
0.0015019
0.0015247
0.0014998
0.001498
0.0016701
0.0014941
0.0015344
0.0015064
0.0015221
0.0015256
0.0015008
0.0015044
0.0014972
0.0015097
0.0014995
0.0015868
0.0014998
0.0015469
0.0015013
0.0015193
0.0014938
0.0015042
0.0015215
0.0017273
0.0031819
0.0031296
0.0032111
0.0027402
0.0030303
0.0030887
0.0033235
0.0031981
0.0015334
0.0015042
0.001509
0.0015182
0.0015095
0.0015204
0.0015962
0.0017516
0.0015125
0.0015407
0.0016139
0.0015377
0.0016969
0.0015173
0.00151
0.0015138
0.001538
0.0015591
0.0015368
0.0015107
0.0015069
0.0015173
0.0015135
0.0015113
0.001548
0.0015278
0.0019304
0.0016163
0.0015577
0.0015214
0.0015092
0.0015134
0.0015404
0.0015432
0.0016799
0.001518
0.0015169
0.001635
0.0015168
0.0015174
0.0015127
0.0015266
0.0016018
0.001513
0.0015155
0.0015228
0.0015123
0.0016823
0.0015604
0.0015216
0.0015556
0.001517
0.0034993
0.0029257
0.0029181
0.0034179
0.0036717
0.0047484
0.0015322
0.0015291
0.001602
0.0015069
0.0017437
0.001533
0.0015122
0.0015046
0.0015165
0.0015107
0.0016123
0.0015233
0.0015222
0.0015118
0.0015428
0.0015017
0.0015167
0.0015038
0.0015274
0.0016325
0.0015169
0.0015533
0.0017591
0.0016561
0.0015028
0.0015135
0.0017745
0.0015083
0.0018998
0.001537
0.0015642
0.0014986
0.0015335
0.0015151
0.0015153
0.0015133
0.0015162
0.001517
0.0014903
0.001503
0.001541
0.0015048
0.0015365
0.0015912
0.0016185
0.0015071
0.0015095
0.0016594
0.0016176
0.0015187
0.0016924
0.0014991
0.0014962
0.0015126
0.0032625
0.0030394
0.0032498
0.0027445
0.0031314
0.0015238
0.0016668
0.0015168
0.0017096
0.0015296
0.0016661
0.0015367
0.0015321
0.0015384
0.0015153
0.0015123
0.0016186
0.0016193
0.0015198
0.0015232
0.0018153
0.0015364
0.0016257
0.0016955
0.0015402
0.0016252
0.0015059
0.001647
0.0015039
0.0015073
0.0015105
0.0015145
0.0015147
0.0015068
0.0017232
0.0015101
0.0015112
0.0015199
0.0015149
0.0015106
0.0015052
0.0015099
0.0016491
0.0015257
0.0015666
0.0015137
0.0015098
0.001512
0.0015147
0.0015359
0.0016098
0.001539
0.0015867
0.0016147
0.0015116
0.0015021
0.0015068
0.001493
0.0015319
0.0015145
0.0034569
0.0027645
0.0053175
0.0015755
0.0016191
0.0016182
0.0015182
0.0015016
0.0015083
0.0015633
0.0015162
0.0015727
0.0015536
0.0015692
0.0017083
0.0016139
0.001526
0.0015919
0.0015311
0.0032086
0.0076
0.0032915
0.0023048
0.0035652
0.0018824
0.0035694
0.0025096
0.0040781
0.0016376
0.0032581
0.0016983
0.0018676
0.0016737
0.0037948
0.0014936
0.001489
0.0015923
0.0015968
0.001681
0.0016037
0.0016288
0.0015137
0.0019831
0.0015201
0.0015088
0.0014993
0.0015023
0.0015151
0.0015072
0.0015076
0.0015084
0.0015274
0.0015039
0.0015293
0.0015098
0.0014978
0.0014998
0.0015041
0.0015104
0.0015001
0.003541
0.0032275
0.0031163
0.0036012
0.0033917
0.0043763
0.0033496
0.0034747
0.0031994
0.0024509
0.0015323
0.0015304
0.0020374
0.0018543
0.0018992
0.0015047
0.0015074
0.0016109
0.0015192
0.0015102
0.0015233
0.0016628
0.0018786
0.0016856
0.0015386
0.0018603
0.0020655
0.0016127
0.0016765
0.0015379
0.0016971
0.0017658
0.0017097
0.0017187
0.0015154
0.0015124
0.0015222
0.0015235
0.0018381
0.0018286
0.0017139
0.0015497
0.00169
0.0015768
0.0015899
0.0015149
0.0017109
0.0016422
0.0017559
0.0017132
0.0015172
0.0017729
0.0017104
0.0016904
0.0015124
0.0015133
0.0016688
0.0017323
0.0017459
0.0017561
0.0035984
0.0033973
0.0030726
0.0027099
0.0028674
0.0031922
0.0032086
0.003204
0.0027302
0.0015275
0.0015218
0.0015392
0.0014991
0.0015873
0.0015293
0.0015574
0.0015108
0.0015051
0.0015037
0.0017556
0.0016129
0.0015115
0.0014882
0.0015121
0.0015854
0.0016886
0.0016533
0.002173
0.0017785
0.0015711
0.0015081
0.0015435
0.0015233
0.001722
0.0014908
0.0016141
0.001512
0.0015428
0.0015463
0.0017362
0.00151
0.0015319
0.0015023
0.0015575
0.001517
0.0015027
0.0014992
0.0014977
0.0014879
0.0015117
0.0014953
0.001511
0.0015046
0.0014887
0.0015446
0.00152
0.0015309
0.0015175
0.0015061
0.001499
0.0034122
0.0034771
0.003243
0.0037095
0.0035581
0.0035689
0.0033613
0.0033866
0.0037526
0.0019489
0.0016934
0.001525
0.0016404
0.0018963
0.0016319
0.0018674
0.0017119
0.0019685
0.0016322
0.003745
0.0017646
0.0016487
0.0015199
0.0017078
0.0015751
0.0015194
0.0015173
0.001513
0.0015352
0.0015273
0.0015234
0.001543
0.0016276
0.0015144
0.0015401
0.0015294
0.0015472
0.0015074
0.0017416
0.0015765
0.0015146
0.0015137
0.0015401
0.0016118
0.0015029
0.0015156
0.001547
0.0015522
0.0015518
0.001675
0.0015267
0.0015281
0.0015354
0.0015318
0.0015237
0.0015328
0.0015147
0.0015611
0.0015267
0.0015266
0.0035466
0.0033733
0.0049036
0.005357
0.0046092
0.0040832
0.0033181
0.0025004
0.0018429
0.0019966
0.0018706
0.0015973
0.0017155
0.0015248
0.0017219
0.0018764
0.0015232
0.0015165
0.0016012
0.001638
0.0016341
0.0015115
0.0018323
0.0015684
0.0015113
0.001519
0.0016398
0.0015123
0.0017909
0.0017416
0.0018166
0.0015307
0.0017439
0.0014932
0.0017534
0.001712
0.0014952
0.001525
0.0015092
0.0017082
0.0015446
0.0014888
0.0014968
0.0017425
0.0015149
0.0017857
0.0016611
0.0015212
0.0016838
0.0018658
0.0017124
0.0017088
0.0027356
0.0017058
0.001677
0.0015291
0.0017054
0.0017222
0.0015054
0.0014923
0.003583
0.002941
0.0032471
0.0033895
0.0030349
0.0032943
0.0032324
0.0034348
0.003109
0.0015339
0.0015356
0.0015508
0.0016118
0.0020077
0.0018106
0.0016016
0.0015093
0.0015466
0.0015234
0.0015331
0.0015431
0.0015243
0.0015104
0.001523
0.001513
0.0015665
0.0015607
0.0015693
0.0015291
0.0015651
0.0015312
0.0015085
0.0015118
0.0015069
0.0015407
0.001517
0.0015113
0.0015673
0.0015336
0.0015284
0.0015239
0.0016298
0.0015098
0.0015158
0.0015138
0.0017378
0.0015332
0.0015111
0.001518
0.0015156
0.001535
0.0016385
0.0016302
0.0020994
0.0015082
0.0019008
0.0015329
0.0016626
0.0015223
0.0015369
0.0031782
0.003767
0.0039942
0.0034041
0.0036456
0.0030824
0.0044114
0.0015269
0.001608
0.0015162
0.0015213
0.0015499
0.0016389
0.0017799
0.0015346
0.0016186
0.0015471
0.0015274
0.0024723
0.0016687
0.0018649
0.0016379
0.0015241
0.0016924
0.0022012
0.0015143
0.0015156
0.001529
0.0015252
0.0015224
0.001513
0.001504
0.001544
0.0015091
0.0015905
0.0016833
0.00163
0.0015485
0.0017896
0.0016045
0.0016354
0.0015563
0.0015148
0.0015344
0.0016894
0.0015228
0.0024917
0.0017388
0.0016959
0.0018214
0.0015416
0.0015212
0.0015269
0.0015633
0.0015283
0.0015144
0.0015271
0.0015167
0.0016174
0.0015087
0.0035218
0.0034912
0.0029956
0.0037247
0.0037955
0.0031647
0.0037895
0.0038507
0.0016919
0.0015055
0.0015377
0.0015136
0.0015068
0.0015185
0.0015136
0.001527
0.0015128
0.0015088
0.0015095
0.001495
0.0015234
0.0015337
0.001523
0.0015107
0.0015162
0.0015103
0.0015522
0.001546
0.0015435
0.0015158
0.0015394
0.001618
0.0015441
0.0015501
0.0015134
0.0015055
0.0015052
0.001535
0.0015389
0.0015611
0.0015131
0.0015628
0.0015154
0.0015048
0.0015258
0.0015189
0.0015195
0.0015257
0.0015269
0.0015318
0.0015824
0.0015254
0.001525
0.0015159
0.0015149
0.0015309
0.0015424
0.0015142
0.0015129
0.0015205
0.0034956
0.0034731
0.0036115
0.0031944
0.0031315
0.0031473
0.0034259
0.0030858
0.0032987
0.0015392
0.0015285
0.0015278
0.0015965
0.0015218
0.0015236
0.0015225
0.0015205
0.0015124
0.0015159
0.0015304
0.001521
0.0015145
0.0015189
0.0015076
0.0015374
0.0015062
0.0016469
0.0015268
0.0015188
0.0015112
0.0015567
0.0015947
0.0015328
0.0015236
0.0015479
0.0015315
0.0015241
0.0015172
0.001521
0.0015196
0.0015215
0.0015155
0.0015536
0.00153
0.0015244
0.0016136
0.0015464
0.0015359
0.001518
0.0015261
0.0015352
0.0015297
0.0015285
0.0015339
0.0015118
0.0015193
0.001526
0.0015159
0.0015334
0.0015128
0.0034827
0.0034578
0.0034475
0.0033601
0.0033162
0.003112
0.0033063
0.0046594
0.0035
0.0015626
0.0017965
0.001505
0.0015089
0.0015423
0.0015209
0.0015701
0.0015572
0.0015009
0.0015554
0.0015359
0.0015228
0.0015051
0.0015365
0.0015075
0.0014952
0.0015149
0.0015074
0.0015455
0.0015119
0.0015526
0.0015586
0.0015115
0.0015601
0.0015121
0.0015577
0.0015302
0.001517
0.0015177
0.0015042
0.0015266
0.0015024
0.0015724
0.001503
0.0015495
0.001523
0.0015311
0.0015203
0.0015158
0.0015178
0.0014937
0.0015054
0.0015042
0.0015139
0.0015156
0.0015042
0.0015674
0.0015072
0.0015564
0.0015135
0.0015007
0.0035832
0.0033425
0.0034844
0.002898
0.0036859
0.0034804
0.0034515
0.0034328
0.0029229
0.0015562
0.0015664
0.0015054
0.0015088
0.0016196
0.0015223
0.0015223
0.0015296
0.0015114
0.00153
0.0015328
0.0015191
0.0016613
0.0016267
0.0015157
0.0015386
0.0015351
0.0015048
0.0015197
0.0015124
0.0016216
0.0015243
0.001508
0.0015191
0.0015198
0.0015115
0.0016274
0.0015102
0.0015293
0.0015244
0.0016097
0.0015053
0.001518
0.0015251
0.0015203
0.0015297
0.001531
0.0015277
0.0015433
0.0015132
0.0015326
0.0016161
0.0015668
0.0015177
0.0015356
0.0015639
0.0015256
0.0015725
0.0029011
0.0015151
0.0015651
0.0036528
0.0031166
0.0030633
0.0034324
0.0029897
0.0029591
0.003612
0.0030396
0.0019168
0.0017001
0.0015189
0.0015022
0.0015119
0.0014974
0.0014911
0.0015092
0.0015001
0.001508
0.0015115
0.0015132
0.0015246
0.0015207
0.0014957
0.0015157
0.0015264
0.0015096
0.0015017
0.0015049
0.0014987
0.0015393
0.0015243
0.0017145
0.0015979
0.0015092
0.0015203
0.0015114
0.0015118
0.0015411
0.0015025
0.0015284
0.0015159
0.0016046
0.0015106
0.0015213
0.0014989
0.0014942
0.0016761
0.0014933
0.0015021
0.0015703
0.0014982
0.0015016
0.0014978
0.001507
0.0015076
0.0015182
0.001501
0.0014991
0.0015151
0.0015185
0.0035121
0.0036329
0.0038118
0.0036399
0.0031613
0.0035956
0.0035119
0.003393
0.0036332
0.001567
0.0015734
0.0016499
0.0015841
0.0017194
0.0015375
0.0015376
0.001525
0.0015276
0.0015721
0.0015308
0.0015075
0.0015175
0.0015371
0.0015176
0.0015177
0.0015649
0.0015024
0.001522
0.0015037
0.0015444
0.0015608
0.0015179
0.0018882
0.0015201
0.0015319
0.0015301
0.0015213
0.0015143
0.0015036
0.0015241
0.0015139
0.0015371
0.0015145
0.0015427
0.0015289
0.0015206
0.0015379
0.0015753
0.0015476
0.0015304
0.0017276
0.0015278
0.0015324
0.0016378
0.0015844
0.0015811
0.0015353
0.0016261
0.0015229
0.0015257
0.0035512
0.0035942
0.0033188
0.003067
0.0032653
0.0033106
0.0032412
0.0015255
0.0015251
0.0015581
0.0015114
0.0015287
0.0015347
0.0015188
0.0015285
0.0015406
0.0016059
0.0015132
0.0015336
0.0015218
0.0015325
0.0015193
0.0015296
0.0015311
0.0015118
0.0016205
0.0015532
0.0015371
0.0015228
0.0015311
0.0015288
0.0015416
0.0015338
0.001524
0.0015506
0.0015209
0.0015273
0.0017755
0.0015305
0.0015217
0.0018615
0.0015273
0.0015144
0.0015185
0.0015298
0.0015326
0.0015526
0.001524
0.0016957
0.0015083
0.0015207
0.0017378
0.0015334
0.0015294
0.0016299
0.0015248
0.0015274
0.0021418
0.0015936
0.0016317
0.0036064
0.0038487
0.0035755
0.003729
0.0031574
0.0037091
0.0037577
0.0038531
0.0015989
0.0015267
0.0016821
0.0015444
0.001516
0.0015201
0.0015041
0.0015515
0.0015239
0.0015094
0.0016116
0.0015124
0.0015066
0.0015052
0.0015048
0.0015166
0.0015075
0.0015067
0.0014998
0.0015084
0.0015019
0.0015566
0.0015082
0.0015109
0.0015545
0.0014992
0.0015018
0.0015097
0.0015176
0.0015041
0.0014993
0.0015104
0.0015279
0.0015589
0.0015177
0.0015428
0.0015091
0.001503
0.0015385
0.0015161
0.001517
0.0015061
0.0015456
0.0014923
0.0014965
0.0015318
0.0015102
0.0015069
0.0014923
0.0015068
0.0014946
0.0015349
0.0032145
0.0042604
0.0034988
0.0031277
0.0033823
0.004316
0.0031004
0.0031256
0.0025238
0.0015101
0.0015296
0.0015153
0.0015159
0.0015347
0.0015128
0.0015767
0.0015245
0.0015005
0.0015687
0.00235
0.0015559
0.001516
0.0015203
0.0015744
0.001511
0.0015183
0.0015221
0.0015118
0.0015206
0.0015159
0.0015154
0.0015193
0.0015156
0.0015349
0.0015085
0.0015243
0.0015213
0.0015076
0.0015007
0.001526
0.0015158
0.0015252
0.0015225
0.0022369
0.0015185
0.0015149
0.001665
0.0015065
0.0015033
0.0015135
0.0015016
0.0015206
0.0015093
0.0015303
0.001519
0.0015047
0.0015138
0.0015174
0.0015177
0.0015138
0.0034809
0.0032164
0.0034812
0.0036273
0.0032031
0.0044173
0.0037693
0.0030157
0.0031401
0.002066
0.0015417
0.0015298
0.0014965
0.0014949
0.0015105
0.0015185
0.001498
0.0015674
0.0014955
0.0015009
0.0015129
0.0016318
0.0014959
0.0014999
0.0014943
0.0016558
0.001489
0.001526
0.0015323
0.0014963
0.0014942
0.0015894
0.001538
0.0015447
0.0015476
0.0015268
0.0016565
0.0015254
0.0015403
0.0015408
0.0015171
0.0017461
0.0015017
0.0014978
0.001602
0.0015087
0.0014923
0.0015012
0.0014999
0.0019445
0.0015095
0.0015074
0.0014968
0.0015141
0.0014892
0.0014946
0.00148
0.0014864
0.0014944
0.0015188
0.0034001
0.002854
0.0035486
0.0032865
0.0031681
0.0034709
0.0030688
0.0032474
0.0031491
0.0016502
0.0015257
0.001523
0.0015105
0.0015442
0.0015247
0.0017521
0.0015237
0.0015143
0.0016531
0.0015231
0.0015306
0.0015115
0.001671
0.0015221
0.0015018
0.0015231
0.0015116
0.0015438
0.0015561
0.0016206
0.0015841
0.0015216
0.0020689
0.0015531
0.0015328
0.0015489
0.001557
0.001545
0.0015196
0.001594
0.0015232
0.0015203
0.0015246
0.0016408
0.0015383
0.0015195
0.0015215
0.001532
0.001517
0.0015321
0.0015098
0.0015345
0.0015259
0.0015292
0.0015309
0.001535
0.001545
0.0030137
0.0015218
0.0015441
0.003458
0.0030012
0.0035686
0.0030463
0.0038194
0.0042966
0.0035276
0.0032656
0.0027448
0.0015365
0.0015536
0.001522
0.0015133
0.0015262
0.001518
0.0016288
0.0016368
0.0015194
0.0015338
0.0015304
0.0015202
0.0015173
0.0015368
0.0015269
0.0015803
0.0015299
0.0015153
0.0015238
0.0015171
0.0015193
0.0015519
0.0015307
0.0017194
0.0015138
0.0015411
0.0022174
0.0016472
0.0017595
0.001529
0.0015272
0.0015432
0.0015048
0.0015322
0.0015404
0.0015191
0.0015756
0.0015358
0.0015218
0.0016604
0.0015345
0.0015202
0.0015212
0.0015343
0.0015519
0.0015379
0.0015274
0.0015729
0.0015402
0.0015296
0.0015994
0.0034664
0.0032158
0.0033536
0.0034016
0.00308
0.0032815
0.0031628
0.0035731
0.003147
0.0033162
0.0023327
0.002006
0.0015805
0.0015042
0.0015066
0.0015086
0.0014919
0.0015065
0.0015049
0.0015281
0.0015119
0.0015079
0.0014992
0.0014982
0.0015091
0.0015213
0.0016223
0.0015074
0.0015057
0.0015496
0.0015029
0.0014956
0.0015013
0.0014808
0.0014979
0.0014939
0.0014889
0.0014951
0.0015227
0.0015192
0.0017908
0.0015103
0.001509
0.001504
0.0014941
0.0015456
0.0017207
0.0015106
0.0015402
0.0015193
0.0014963
0.0015097
0.0015045
0.0015198
0.0014846
0.0015043
0.0015106
0.0014986
0.0019031
0.0015551
0.0035754
0.0029374
0.0027322
0.0033965
0.003229
0.0035856
0.0028077
0.0035576
0.0020093
0.0015619
0.0015076
0.0015716
0.001517
0.0015269
0.001527
0.0015034
0.0015121
0.0015034
0.0015159
0.0015148
0.0014939
0.0014909
0.0015196
0.0015414
0.0015239
0.0016824
0.0015274
0.0015288
0.0015016
0.0015162
0.0015151
0.0015237
0.0015236
0.0016545
0.0015303
0.0015297
0.0015931
0.0015195
0.0015517
0.0015119
0.0015205
0.0015292
0.0015673
0.0015273
0.0015172
0.0015373
0.0015479
0.0015824
0.0015413
0.0015189
0.0015136
0.0015285
0.0015449
0.00152
0.0015138
0.001534
0.0015326
0.0015447
0.0017106
0.0015233
0.0034076
0.003263
0.0035547
0.0035251
0.0034492
0.0036696
0.0034359
0.0034122
0.0029705
0.0016648
0.0015642
0.0015573
0.0015351
0.0016547
0.0015476
0.0015607
0.0018724
0.0016524
0.0015224
0.0015216
0.0015799
0.0015648
0.0015291
0.0015215
0.0015354
0.0015358
0.0015573
0.0015538
0.0015419
0.0015349
0.0015304
0.0017306
0.0015731
0.0015599
0.0015241
0.0015659
0.0018513
0.0015503
0.0016323
0.0015226
0.0015129
0.0015237
0.0015273
0.001514
0.0015217
0.0015221
0.0015274
0.0015297
0.0015169
0.0017638
0.0015246
0.0015153
0.0018005
0.0015225
0.0015304
0.0015281
0.0015101
0.001521
0.0015415
0.0015288
0.0031534
0.0041942
0.0024105
0.0028165
0.0030438
0.0027498
0.0027802
0.0029533
0.0032833
0.0021259
0.0034228
0.00234
0.0021038
0.0016266
0.0017975
0.0015089
0.0015132
0.0015201
0.0015141
0.0016564
0.0015277
0.0015325
0.0015321
0.0016144
0.0015693
0.0015064
0.0015154
0.001721
0.0015057
0.0016544
0.0015154
0.0015175
0.001516
0.0015075
0.0015167
0.0015825
0.0015116
0.0015013
0.0017485
0.0015079
0.0015041
0.0015196
0.001519
0.0015265
0.0015895
0.0018572
0.0015462
0.0015013
0.0016874
0.0015119
0.001513
0.0015125
0.0015096
0.0015093
0.0015498
0.0015108
0.0015179
0.001505
0.0015108
0.0016338
0.0035042
0.00316
0.0035697
0.0031933
0.0044575
0.0033099
0.0033872
0.0034386
0.0035237
0.001545
0.0015072
0.0015185
0.00151
0.0015516
0.0015094
0.0015072
0.0016123
0.0015139
0.0015253
0.0015236
0.0015805
0.0015746
0.0014979
0.0016016
0.0015311
0.0015208
0.0016926
0.0015068
0.001525
0.0015298
0.0015549
0.001521
0.0015133
0.0015534
0.0015375
0.0015054
0.0015084
0.0017741
0.0015194
0.0014968
0.0015199
0.0015097
0.0015255
0.0015244
0.0015116
0.0015155
0.0015268
0.0015116
0.0016353
0.0015164
0.0015254
0.0015116
0.0015163
0.0015138
0.0015184
0.0015104
0.0015195
0.0015075
0.0015299
0.0015215
0.0034338
0.0030781
0.003191
0.0030625
0.0033998
0.0031834
0.0032444
0.0033219
0.0030119
0.0030694
0.0015408
0.0015256
0.0015119
0.0015095
0.0015148
0.0014981
0.0015175
0.0015122
0.0015137
0.0015942
0.0018817
0.0015316
0.0015261
0.0015288
0.0015288
0.0016417
0.0015026
0.0015333
0.0015307
0.0015132
0.0015117
0.0015936
0.001507
0.0015465
0.0015083
0.001515
0.0015382
0.0015209
0.0015282
0.0015081
0.0015243
0.0018807
0.0016374
0.0015301
0.0015186
0.0015372
0.0015176
0.0015127
0.0015562
0.001525
0.0015832
0.0016026
0.0017838
0.0015259
0.0015132
0.0015736
0.0015278
0.0015161
0.0015004
0.001507
0.003239
0.0030132
0.0028692
0.0029092
0.0031218
0.0033742
0.0031985
0.0032369
0.0031732
0.003226
0.0015256
0.0015118
0.0015234
0.0015278
0.0015192
0.0015689
0.0030687
0.0021755
0.0016207
0.0015794
0.0017903
0.0015699
0.0015386
0.0015506
0.0015814
0.0015206
0.0015345
0.0015341
0.0015196
0.0015221
0.0015079
0.001566
0.0015308
0.0015515
0.0016645
0.0015399
0.0016571
0.001549
0.0015505
0.00153
0.001773
0.0015302
0.0015294
0.0016215
0.0015277
0.0015394
0.0015272
0.0015276
0.0015303
0.0015498
0.0015127
0.0016875
0.0015192
0.001511
0.0015418
0.001825
0.0015323
0.0015234
0.0015454
0.0015391
0.0035326
0.0035663
0.0037729
0.0030646
0.00331
0.0037725
0.0043499
0.0030036
0.001794
0.001636
0.0016801
0.0015188
0.0014955
0.0015139
0.0016353
0.0016278
0.0016294
0.0015966
0.0017628
0.0016533
0.0018638
0.0025266
0.0015073
0.0015083
0.0015672
0.0015854
0.0015474
0.0019819
0.0016271
0.0016223
0.0017719
0.0016435
0.0016116
0.0016168
0.0016981
0.0018205
0.0018843
0.0015145
0.00152
0.001544
0.0017575
0.0015528
0.0015167
0.0015223
0.0015136
0.0015092
0.0016282
0.0016013
0.0016175
0.001612
0.0015382
0.0016181
0.0015525
0.0015297
0.0015195
0.0015186
0.0014975
0.001517
0.0015074
0.0016191
0.0036764
0.0027969
0.0031072
0.0032003
0.0032149
0.0030181
0.0045188
0.0030672
0.0031441
0.001542
0.0018133
0.0016135
0.0016193
0.0016344
0.0016006
0.0026207
0.0016061
0.0016475
0.0015369
0.0014857
0.0016698
0.0015299
0.0014974
0.0015031
0.0015021
0.0015075
0.0015013
0.0014961
0.0015
0.0015067
0.0015265
0.0015617
0.0016417
0.0016715
0.0016777
0.0015266
0.0015195
0.001532
0.0015053
0.0014884
0.0015029
0.0015027
0.0015161
0.0015063
0.0014899
0.0015798
0.0015037
0.0015068
0.0016634
0.0015124
0.0015184
0.0015053
0.0015357
0.001541
0.0015316
0.0015073
0.0015266
0.0015147
0.0015369
0.0014969
0.0035389
0.0031821
0.0031311
0.0030535
0.0030639
0.0035202
0.0028791
0.0031433
0.0034578
0.0032117
0.0015088
0.0014974
0.0015531
0.0015282
0.0015082
0.0031633
0.002594
0.0021695
0.0016359
0.0015365
0.001512
0.0015214
0.0018285
0.0015253
0.0014977
0.0014958
0.0015069
0.0014982
0.0015086
0.0014972
0.0015086
0.0015089
0.0015074
0.0015262
0.0015331
0.0015797
0.0015216
0.0016133
0.0015351
0.0015798
0.0015308
0.0015255
0.0015008
0.0015078
0.001621
0.0014874
0.001496
0.0016403
0.0015139
0.0015463
0.0015187
0.0015057
0.0014977
0.0015118
0.0015807
0.0015735
0.00156
0.0015425
0.0015058
0.0014946
0.0032625
0.0031399
0.0041279
0.0035398
0.0031203
0.0032316
0.0034432
0.0034836
0.0034261
0.0017534
0.001502
0.0014984
0.0015639
0.0015092
0.0015007
0.0015089
0.0015089
0.0015294
0.001546
0.0015674
0.0015819
0.0015278
0.001508
0.001495
0.0015037
0.0015059
0.0015194
0.0015632
0.0015977
0.001522
0.0015027
0.0015415
0.0015156
0.0015279
0.0015119
0.0015527
0.0015023
0.0025147
0.0015503
0.0016715
0.0015472
0.0021688
0.002196
0.0017608
0.002097
0.001786
0.0018843
0.0015555
0.0015067
0.0015341
0.0016731
0.0017024
0.0016952
0.0015294
0.001515
0.0015158
0.0015394
0.0015132
0.0015121
0.001511
0.0035778
0.0027855
0.0030763
0.0027961
0.0039591
0.0038957
0.0034088
0.0032487
0.0016317
0.0014932
0.0015049
0.001497
0.001508
0.0014931
0.0015109
0.0015008
0.0015729
0.0015094
0.0015177
0.0015313
0.0015055
0.0015051
0.0015127
0.0016201
0.0015875
0.0015221
0.0014971
0.0016548
0.0015117
0.0015165
0.0015303
0.0015074
0.0015018
0.0015162
0.0014959
0.0015109
0.0015061
0.0015015
0.0015097
0.0016387
0.0015263
0.0015086
0.0015154
0.0015039
0.0015135
0.0015287
0.0015359
0.0015135
0.0014922
0.0017199
0.0015177
0.0015092
0.0015091
0.0015117
0.0015036
0.0015071
0.0015171
0.0015022
0.0014936
0.0015153
0.0034835
0.0035125
0.0034878
0.0026737
0.0034809
0.0035184
0.00313
0.0046586
0.0015299
0.0015192
0.0015583
0.0017039
0.0015205
0.001598
0.001549
0.0015505
0.0015125
0.0015112
0.0015159
0.0015063
0.0015056
0.002486
0.0018688
0.0016413
0.0015559
0.0015226
0.0015139
0.0015159
0.001622
0.0015186
0.0015037
0.0016077
0.0015089
0.0015102
0.0015085
0.0015146
0.0015079
0.0015169
0.0015227
0.0015455
0.0015116
0.0015455
0.0015233
0.0015337
0.0015057
0.0015148
0.0015206
0.0015176
0.0015048
0.0015113
0.0015087
0.0015113
0.0015347
0.00156
0.0015271
0.001529
0.0015127
0.0015189
0.0015135
0.0016677
0.0035519
0.0033043
0.0031233
0.0031446
0.002869
0.0034567
0.0029218
0.0040947
0.0037202
0.0025102
0.0016656
0.0015083
0.0015556
0.0015191
0.0015244
0.0017991
0.001533
0.0015157
0.0015115
0.0015513
0.0015322
0.0016354
0.0015086
0.001505
0.0015028
0.0015183
0.0015606
0.0015141
0.0015107
0.0015684
0.0015374
0.0015092
0.0016153
0.0015142
0.001519
0.0016067
0.0015974
0.0016169
0.0015183
0.001541
0.0015301
0.0015358
0.0015419
0.0015177
0.0015183
0.0015345
0.0015181
0.0015167
0.0016735
0.0015308
0.0015175
0.0016486
0.0015054
0.001512
0.0015529
0.001527
0.0015171
0.0016745
0.0017026
0.00166
0.0038585
0.0029473
0.0029007
0.0028087
0.0028938
0.0031266
0.0034461
0.003159
0.0031546
0.0014996
0.0015186
0.0014974
0.0015235
0.0015029
0.0016552
0.0015129
0.0015342
0.001654
0.0016217
0.0015044
0.001501
0.0015008
0.0015175
0.0015263
0.0015998
0.0019604
0.0016721
0.0016797
0.0015274
0.0015507
0.0015281
0.0015319
0.0015172
0.0015005
0.001497
0.0015267
0.0015143
0.0015004
0.0015143
0.0015503
0.0015152
0.0015012
0.0015119
0.0014995
0.0015099
0.0015059
0.0016102
0.0015184
0.0015339
0.0016527
0.0015432
0.0014971
0.0015091
0.0015229
0.0015466
0.001529
0.0015064
0.0015308
0.0015061
0.0015904
0.0032674
0.0032397
0.0029088
0.0030254
0.0035902
0.0033946
0.004385
0.0031072
0.0031054
0.0015261
0.0017732
0.0016407
0.0015285
0.0017231
0.0016285
0.0015159
0.0015212
0.0015116
0.0015208
0.0015128
0.0014966
0.0015162
0.0015078
0.0015115
0.0016217
0.0015019
0.001596
0.0015065
0.0016255
0.0015065
0.0015278
0.0015906
0.0020821
0.0015402
0.0023265
0.0015693
0.0015247
0.0015407
0.0015371
0.0015444
0.0015113
0.0016353
0.0014956
0.0015094
0.001509
0.0015191
0.0014975
0.0016732
0.0015015
0.0015094
0.001515
0.0015032
0.0015897
0.0015347
0.0025092
0.0015205
0.0015039
0.0015888
0.0015117
0.0015106
0.0035242
0.0031561
0.0030563
0.0033146
0.0033082
0.0031132
0.0040007
0.0034356
0.0015064
0.00159
0.0015118
0.0015334
0.0015807
0.0015083
0.0015127
0.0015392
0.0015349
0.0015173
0.0015557
0.0015175
0.0015061
0.0015482
0.0015413
0.0015574
0.0015228
0.0015095
0.0015478
0.0015318
0.0015181
0.0015655
0.0015502
0.0015115
0.0015134
0.001513
0.0015116
0.0015166
0.0015394
0.0018913
0.001519
0.0015062
0.0015252
0.0015148
0.0015111
0.00153
0.0015182
0.0015103
0.0015348
0.0015091
0.0015923
0.0015484
0.0015327
0.0015374
0.0015298
0.0015014
0.0015097
0.0015496
0.0015804
0.00155
0.0015362
0.0015354
0.0031754
0.0034283
0.0041982
0.0030241
0.003022
0.0033722
0.0034665
0.0039328
0.0027762
0.0015092
0.0024781
0.0015186
0.0015101
0.0015506
0.0014991
0.0019408
0.0015084
0.0027545
0.0015269
0.0015174
0.0016797
0.0015071
0.0027235
0.0015068
0.0028908
0.0015056
0.0015012
0.0015129
0.0014986
0.0015143
0.0015129
0.0014896
0.0015383
0.0015232
0.0015097
0.0015268
0.0015176
0.0015255
0.0015154
0.0015051
0.0015549
0.0014961
0.0015029
0.001547
0.0014981
0.0015092
0.0015185
0.0015163
0.0016847
0.0015273
0.001628
0.0015123
0.0016263
0.001512
0.0015391
0.0015135
0.0016135
0.0014971
0.0014926
0.0016071
0.0034639
0.0031023
0.0031035
0.0028422
0.0027318
0.0030095
0.0034111
0.0033632
0.0033923
0.0018834
0.0015461
0.0015455
0.0017146
0.001645
0.001605
0.0015507
0.0015655
0.0015585
0.0015674
0.0015272
0.0031748
0.0031822
0.0021258
0.0016263
0.0015111
0.0015179
0.0016443
0.0015386
0.0015003
0.001555
0.0015091
0.0019214
0.0015167
0.0014981
0.0015506
0.0015193
0.0015904
0.0015711
0.0015872
0.0016998
0.0021846
0.0016292
0.0015307
0.0021634
0.0015216
0.0015234
0.0015116
0.0015306
0.0015669
0.0016325
0.0014841
0.0015793
0.0015609
0.0016208
0.001528
0.0016126
0.0017108
0.00151
0.0015236
0.0016206
0.003526
0.0035544
0.003102
0.0028274
0.0026683
0.0033619
0.0036003
0.0029894
0.0036302
0.0018071
0.0018083
0.0016138
0.0015884
0.0016005
0.0016162
0.0016027
0.0016389
0.0016121
0.0016116
0.0015946
0.0016347
0.0016269
0.0016535
0.0016395
0.0015642
0.0015733
0.0015643
0.0015716
0.001675
0.0017486
0.0015771
0.0015634
0.0015715
0.0015909
0.0015691
0.0016108
0.0015628
0.0015544
0.0015591
0.0015552
0.0015132
0.0015251
0.0015075
0.0016179
0.0015227
0.0015271
0.0015166
0.0015118
0.0015232
0.0015191
0.0014958
0.0015183
0.0016199
0.0015433
0.001714
0.0019894
0.0016386
0.0016212
0.0016659
0.0015009
0.003395
0.0039371
0.0027917
0.0027128
0.0048772
0.0036301
0.003414
0.0019376
0.0016692
0.0016881
0.0016803
0.0017455
0.0017781
0.0016786
0.0016638
0.0017984
0.0016679
0.0016713
0.0016663
0.0016427
0.0018031
0.0016167
0.0017119
0.0016088
0.0016214
0.0017143
0.0016222
0.0016314
0.0017335
0.0016132
0.0015704
0.0016771
0.0015649
0.0018021
0.0016609
0.0016743
0.0015664
0.001559
0.0015662
0.0015485
0.0015766
0.001781
0.0015628
0.0015922
0.0015449
0.0016026
0.0015991
0.0016299
0.001571
0.0015875
0.0016396
0.0015376
0.0015299
0.0015238
0.0015172
0.0015287
0.0015111
0.0015123
0.0016652
0.0015166
0.0034968
0.0033377
0.0029555
0.0032725
0.0027772
0.0027322
0.003282
0.003634
0.0036208
0.0016908
0.0017926
0.0019073
0.0016805
0.002045
0.0016493
0.0016692
0.0019007
0.0016736
0.0016463
0.001861
0.0016966
0.0017894
0.0016755
0.0020117
0.0018884
0.0018073
0.0016442
0.0016656
0.0019647
0.0016008
0.0016066
0.0017345
0.0018117
0.0017364
0.001953
0.0022378
0.0016793
0.0016188
0.0017372
0.001748
0.0016117
0.0017171
0.0015913
0.0017163
0.0015983
0.0017712
0.0024564
0.0017181
0.0019795
0.001709
0.0018179
0.0017476
0.0017193
0.0017179
0.0018288
0.0018077
0.0017661
0.001621
0.00186
0.0017361
